128.427867
123.317159
131.631049
128.074934
130.344009
124.684701
124.478900
124.891638
124.807994
123.255628
119.427189
124.774354
124.635184
125.033656
121.985756
120.745101
123.131343
124.829129
127.576920
123.344315
126.848998
126.808346
126.364616
127.142219
125.357183
127.216309
125.569122
121.845941
124.242478
126.850166
123.551856
123.278716
127.827084
131.110194
128.673524
129.530226
130.333604
133.792609
125.066174
129.155283
124.028983
138.190550
121.817126
126.294472
132.335630
137.415013
126.188366
128.667254
127.167774
119.682706
124.250344
125.772027
120.323461
123.633670
124.070663
121.321897
119.222025
128.991314
118.696402
132.315169
130.314367
130.559731
123.520823
128.386091
124.582271
127.897231
125.944636
124.669576
123.305889
127.978296
125.738244
121.615490
126.509257
118.671473
128.873244
122.254918
129.199984
127.265106
121.952853
123.577337
135.054765
119.067624
129.184411
122.131027
126.237894
126.532396
129.468998
123.074341
119.678059
129.890066
134.331039
127.170200
124.370911
124.731247
123.185510
126.198861
117.614836
125.497810
123.751711
122.459680
120.080034
132.296978
129.614835
130.182213
126.231635
120.911549
126.761084
122.768040
129.680617
125.275644
130.907279
124.147740
130.984902
127.603362
124.367196
125.131709
123.546681
127.851156
129.500468
122.064525
118.841757
124.380840
128.191742
128.281969
125.639242
126.189348
125.421217
122.168891
123.019743
125.737656
123.697714
130.046638
128.101369
126.172787
124.700223
124.136518
128.869995
127.467468
129.519420
129.809539
124.457157
128.871236
123.833279
124.154990
126.060414
122.702228
133.200622
126.175477
132.854134
122.792116
126.799982
127.103345
129.651428
125.518940
128.914178
121.781012
129.471394
124.594881
123.723091
125.130789
122.867254
123.235756
125.579902
136.184633
124.926416
130.932137
125.840375
126.357881
129.158300
125.664226
129.492295
128.798136
130.459092
128.814758
125.966642
120.403131
126.204494
122.629257
125.742943
128.008001
120.825540
121.924438
125.033683
126.891719
124.836797
135.457347
122.494285
117.251036
120.522347
123.783242
118.785175
124.623114
128.827791
128.848346
124.659420
121.261179
120.129587
125.730022
135.449528
120.189330
129.065706
122.784169
127.507872
124.177077
125.148969
126.582780
125.897385
127.323244
124.400395
127.594353
127.241583
125.846545
126.670780
127.921170
124.921978
127.504997
132.081112
123.770532
119.259942
126.343023
128.925094
130.647773
127.628719
122.520895
124.834141
124.759997
126.295488
127.906577
127.121576
127.740723
123.306583
125.395616
127.285810
129.442227
131.231752
124.135362
129.043062
120.692777
126.176703
127.798701
116.661888
125.054594
123.933549
119.907706
128.237884
120.498083
122.826227
122.743894
123.571728
123.177340
129.681972
125.993642
125.858793
121.012996
130.278310
120.159691
121.786403
132.897763
119.696194
126.570796
124.985659
127.103259
129.797821
130.981353
126.893724
132.994433
129.871715
125.540890
124.854113
122.726249
125.248815
126.623088
126.826846
126.226126
125.860450
125.992488
131.616016
131.174793
129.207213
128.946211
126.819828
131.424493
120.182629
133.995684
124.638616
126.087975
130.803924
132.387001
126.009054
127.160959
126.568726
129.847943
128.284172
122.889344
127.431145
128.584375
126.212289
132.181744
127.813316
130.735129
121.112481
127.494429
128.343961
123.670272
126.054382
129.634833
125.108372
128.603645
122.282000
128.030893
127.748341
126.871034
122.340798
115.976635
123.748388
124.169063
126.111476
126.574386
132.701371
120.915286
129.374098
124.470613
127.214645
119.339001
120.940487
127.392499
135.029746
130.424316
123.503565
123.343913
133.926755
121.849292
127.013185
121.472870
125.913558
129.832206
126.488183
122.953243
133.732349
127.176258
129.910913
123.108093
120.727805
126.521756
126.723489
121.991559
124.876653
125.115972
125.880132
127.807364
125.706818
126.781055
121.107050
115.040640
125.434186
127.328095
131.607093
128.132116
124.640560
129.508876
128.123564
130.504734
129.798891
124.280060
129.956328
123.233526
131.501430
129.313047
124.549404
127.226147
117.886668
127.907857
124.121918
125.323856
131.293564
123.804120
128.206185
127.541880
129.691781
131.606859
124.240951
127.138195
124.453266
126.592983
126.384399
132.255001
121.388168
121.558235
124.841922
122.476664
129.933928
125.229155
128.089971
128.232185
127.391379
127.407077
124.245777
124.116180
125.037569
116.247768
127.884723
118.459630
123.223041
130.563599
122.615505
122.548158
121.735967
122.998341
123.363579
125.779102
124.001031
121.688039
126.586667
123.137823
129.719958
122.412932
119.414900
124.770287
119.812338
127.384502
122.063801
124.088857
118.690203
123.861159
133.075745
124.446514
130.891287
123.311742
121.993470
131.528685
117.123470
133.258449
127.599200
126.426160
129.100185
136.165592
121.012659
131.659831
125.142968
135.674548
125.204080
123.091928
125.368952
123.261456
128.661112
134.622455
120.900198
125.584214
124.939640
124.568740
124.049634
129.263217
128.075787
137.424762
130.482703
121.772088
129.549965
129.197557
130.181512
122.052654
137.083497
126.380880
127.780298
130.721850
124.227486
124.144615
121.332314
124.262523
124.779413
126.241311
125.112940
125.796406
125.275509
129.467792
124.415469
126.333657
120.504132
127.960125
124.342133
119.071158
127.316883
124.858853
131.267922
122.985826
126.771782
125.898737
128.643223
116.277994
132.552066
126.021349
131.813017
120.011957
132.197340
122.106958
132.652257
122.116040
126.465150
125.748388
124.305715
130.206150
