245.153182
260.529666
254.490742
251.339931
254.670897
257.192008
251.330754
247.206208
252.831801
257.399103
259.607108
262.759367
255.390338
250.578993
258.895850
249.271870
261.891422
259.074515
267.231167
258.725577
265.565561
258.249311
268.183304
253.666847
249.573962
256.048090
252.329536
253.550842
248.518079
250.453480
260.025337
256.950198
255.007392
251.344221
255.576473
253.105578
255.986374
259.427843
260.515675
251.887899
251.829131
257.395800
259.956150
251.764627
254.855971
258.582665
255.035515
253.523113
246.387719
253.070014
265.919278
259.882437
255.101746
257.794772
262.239530
258.901844
269.196210
256.356047
262.103890
253.689380
247.536269
257.075254
269.145853
255.735844
258.124340
256.350009
252.227604
255.253843
255.709563
263.793015
254.343198
254.953199
256.779704
258.304495
252.592383
254.290538
256.676750
256.879415
254.417235
252.820424
251.809188
263.127653
260.933351
256.867284
257.278942
255.974284
260.101067
256.018295
247.922892
251.487162
246.054741
257.123041
263.468313
246.716912
254.587665
248.112677
264.966512
251.864931
242.265323
260.415955
255.962385
253.029289
254.762050
253.416460
255.863526
262.052576
255.630406
255.101210
262.398562
252.514406
262.682563
255.058583
254.335467
256.018183
258.586411
258.650548
254.127576
250.567455
258.254534
258.547442
250.413716
248.821523
248.016116
247.831119
249.158517
262.493552
252.579323
260.223911
262.186087
253.435273
251.628205
264.182859
267.008192
252.551059
252.416049
257.341956
256.120572
258.898318
263.145131
262.143777
262.620360
261.340125
258.026033
262.158720
260.679875
257.090534
259.308522
258.946636
265.253338
258.003387
251.934863
257.391708
258.572495
254.436509
255.214923
259.869360
248.042871
257.448377
259.317146
254.365938
255.086043
253.994144
255.542622
270.292545
248.890044
264.013873
256.416092
257.211338
251.325643
261.034354
254.098652
252.222253
251.180787
259.656853
257.744215
255.702242
245.539966
255.729038
263.813278
255.240445
258.980938
257.273927
258.092531
260.555150
257.167182
253.810396
257.866143
258.027058
266.595429
265.580894
252.662368
256.488317
258.981359
250.789086
259.618151
260.427873
253.150538
259.661793
245.425206
248.151848
245.135871
254.878590
250.682782
250.681407
257.035854
251.517677
255.873975
254.553665
247.756376
257.633638
254.998118
244.107004
265.838542
256.328370
260.317124
257.425548
258.130743
270.249235
258.508328
258.380668
253.171870
247.690189
268.058340
250.288641
255.824515
257.895780
265.048703
258.623806
256.089775
256.556384
256.039675
258.334507
245.271737
253.754363
259.347361
258.704268
258.976798
257.686458
251.725210
249.892679
251.394745
256.576248
258.713359
248.756630
259.904929
255.473626
250.072107
260.467831
249.493365
258.684436
251.471177
248.013716
261.613225
258.956472
258.121189
255.721899
254.925375
252.006776
261.106444
263.981352
255.955054
262.894248
259.478601
261.658996
259.220064
253.618965
251.904402
258.262108
267.571503
254.653660
258.314246
256.413435
265.858821
256.708643
259.522375
266.514810
252.774569
263.790929
252.852868
262.676099
256.606255
257.223967
254.077035
253.796964
245.420175
261.530505
262.597805
272.931820
250.376075
247.302792
250.260719
248.888184
263.549343
256.130838
245.827707
254.381443
259.181866
251.388803
254.714004
257.052613
256.513559
253.740605
252.301362
253.006920
249.775848
259.856872
253.876696
251.796023
267.739140
259.869781
247.550508
254.579392
254.940713
252.952211
253.637839
249.927106
259.778925
246.880076
257.112963
258.184662
261.523545
251.204125
250.851049
261.326117
262.512598
254.990315
255.570724
256.027728
261.487002
260.141670
252.527913
256.245447
260.136698
249.819310
260.091028
258.204572
260.414172
253.979639
250.705094
252.585106
260.777165
258.005731
248.437739
262.155761
244.011434
256.356447
261.239161
241.281096
259.623400
257.047137
260.433900
257.366841
252.728889
253.222084
252.977185
252.692640
264.662521
245.667605
256.857172
253.964371
249.704273
268.802221
262.011205
259.786104
258.675012
253.556105
250.528355
250.480576
255.231925
265.582336
252.031503
254.739899
262.186701
261.833421
252.988101
258.198515
254.815318
251.592635
255.009943
256.283773
255.057691
247.753781
258.294587
252.497003
256.005124
251.766433
257.100213
258.643099
259.200997
253.121583
256.748976
251.491405
266.620115
258.579414
254.218509
256.013385
249.652781
254.125425
247.114671
258.606884
256.670463
252.935783
255.007008
251.388001
263.124647
259.278164
259.858292
252.170992
263.400200
257.658895
258.634999
260.107499
260.549215
251.070952
259.880953
253.028222
256.683588
254.200968
256.126922
262.339583
245.461463
254.232582
259.258968
248.553066
259.340970
261.528079
257.063252
257.978416
250.687038
247.988190
242.652286
258.151729
248.308429
252.350293
257.406750
248.614756
257.118677
259.196777
254.347658
251.798148
257.709238
261.977458
255.373646
254.831108
260.690862
255.591074
252.126902
252.317975
254.950583
263.208894
253.480198
257.369446
259.510062
247.930907
258.836398
255.149204
253.162313
259.597671
256.203164
267.577232
255.772184
247.385612
251.905633
259.432933
255.513930
258.862342
264.768251
259.273855
257.358702
254.564458
262.934236
259.825083
255.131453
255.705780
256.944088
260.434259
261.344635
262.251429
264.973303
257.882359
258.330081
254.982162
260.501486
252.222954
246.666164
250.342823
246.778949
258.907434
261.168259
256.521156
263.288286
258.910228
256.669158
248.228793
258.034658
257.425943
254.906617
245.983600
263.272206
255.130914
254.342116
243.852799
257.952018
260.354388
261.498912
244.323408
253.923857
252.001761
260.672181
260.341902
238.947608
255.445351
256.983949
254.895276
262.292119
260.490692
252.160730
259.141425
252.326161
254.158548
259.189541
248.804071
255.140905
265.202099
259.039064
250.832554
255.300360
261.228802
262.578631
260.161584
257.428941
261.040920
264.662380
264.582493
259.433558
257.393053
254.249206
256.581466
255.579977
257.784026
258.641497
269.983491
262.626407
252.730734
253.389676
254.316535
253.689524
251.344864
258.999681
264.367454
255.176472
254.507127
257.279977
262.633159
244.809472
255.434976
253.723125
250.909133
257.070380
257.877368
266.084499
249.775787
257.588158
257.135069
244.050859
264.094696
255.439026
253.291417
244.441687
255.194318
249.368256
247.944886
252.397053
249.417019
258.527713
252.249778
257.364722
250.781525
262.818903
261.759195
262.095638
242.831523
257.186101
249.514731
252.434223
255.202107
261.693257
250.781680
252.989822
254.542046
255.164123
261.086177
251.303996
251.429507
255.069854
261.934752
253.401469
254.612122
268.512117
252.491950
251.353851
254.230716
256.161383
253.274981
259.132238
251.660002
265.061601
245.369420
253.869900
250.913946
262.786474
251.444993
259.903829
259.278987
261.870180
255.209735
259.766665
249.611288
250.498908
254.709000
252.364598
258.276001
257.992811
257.774936
252.779008
252.711821
264.413736
259.192696
257.334747
260.695811
261.392681
259.712652
259.522764
245.956633
258.740743
253.966733
244.275910
247.588557
251.973068
255.531150
257.660963
263.175633
258.638923
265.194919
262.932590
244.184994
248.289451
265.298822
252.546200
254.055183
259.191441
258.329744
261.412196
253.411779
255.455155
252.162850
257.118170
245.860825
254.497547
266.657490
257.530491
252.306324
253.724221
246.323785
258.929531
259.187325
261.821746
258.604822
246.758883
262.779400
258.339886
250.049191
250.510630
257.002661
270.041754
253.758208
270.209586
256.389814
258.335959
253.503076
260.821205
254.086141
240.860445
262.427292
265.523726
261.510777
264.938857
260.603236
261.728647
258.263428
255.031230
262.259574
265.029588
262.365542
257.480898
256.834131
252.576250
245.945580
258.842595
253.891680
264.476514
268.905257
258.068898
262.241322
254.423786
257.641416
260.969821
251.831038
246.405570
258.977890
252.746362
257.486937
250.328819
261.938471
251.993303
249.707967
262.450410
258.208704
265.292681
245.817984
260.521429
253.229267
256.674771
252.734532
257.475160
263.458654
254.510377
255.024151
252.904174
253.045507
255.629809
262.280491
246.606764
245.190133
264.209447
246.773644
248.024867
253.184020
251.071153
249.937589
246.757935
259.676427
264.555025
253.094739
257.548330
256.786339
261.971107
251.425215
263.439923
260.440867
264.012366
245.648021
260.351783
258.717498
251.399331
258.517196
255.804380
259.117253
248.152717
256.776020
250.492680
257.058283
265.340295
253.633531
252.537604
259.552000
265.198820
259.048706
255.775521
250.483460
262.351368
258.017107
243.471096
252.180965
251.230002
260.352479
250.690459
260.705855
262.061400
259.977601
264.145362
258.421746
253.263030
256.425165
260.116451
248.598809
264.387902
257.792714
270.256979
261.777400
248.750190
250.756811
254.592343
252.288500
263.744393
247.469363
262.581047
248.235558
258.080812
258.705697
254.954419
261.506965
265.555579
262.694165
256.553500
259.066615
249.686568
261.333174
260.161136
256.092129
265.347498
249.806737
249.815268
266.032895
263.028144
257.038121
255.674516
253.881761
256.047893
257.982703
259.624877
252.531742
249.673257
249.656371
256.303748
252.478206
251.718278
253.758684
255.843217
260.908290
257.898711
257.475307
263.073987
260.228010
257.547727
263.463344
262.498877
251.290270
263.823901
255.794635
260.975131
255.107468
250.685497
256.142692
254.220810
254.516779
256.605449
255.820853
265.544965
255.939520
270.551224
257.177693
265.913198
257.086411
255.515269
255.685785
252.665610
272.546800
257.214601
254.628004
263.375048
255.542007
261.513893
255.423388
253.794473
250.437658
254.016307
250.335882
262.298914
259.143376
248.963064
251.637010
255.483991
249.013056
257.794005
260.381803
244.776981
248.554848
257.752174
251.559517
260.778397
251.555319
257.373833
259.537183
256.067968
257.339976
262.948537
256.491092
252.181769
256.448542
256.986937
250.335919
261.838107
257.855886
261.501323
252.596472
255.445397
262.722809
263.352416
253.580871
252.867447
261.261105
264.207979
251.875838
251.136484
263.304090
263.815718
251.761420
257.953003
257.688894
249.870737
239.843720
247.586819
254.689363
252.327603
256.909384
262.905070
260.509403
265.966002
254.415006
252.959262
249.732246
257.730613
258.921655
258.906669
255.793042
256.641679
251.191015
256.485861
257.199288
257.379681
260.908108
258.289571
258.008890
253.802195
239.762922
256.491882
250.317388
251.608879
255.459977
261.880170
259.670813
258.425143
255.124318
249.826050
253.456709
253.435469
256.166255
248.442907
244.371430
258.608071
253.985964
257.319731
258.586311
249.736824
252.737650
258.160519
250.623604
264.270367
258.020575
252.903756
258.234819
259.463782
259.830029
253.275746
252.914741
266.978133
250.029747
250.829218
260.369500
250.543343
253.289938
258.624490
248.881917
259.528554
257.089935
256.521697
259.257287
253.711351
260.605412
250.607652
250.893809
252.600906
248.367461
262.095942
251.074844
258.937028
266.056772
265.161889
256.390960
251.504266
252.466239
257.222650
253.301997
262.548081
256.667256
259.918451
265.437603
258.993936
256.296044
