0.595156
0.364717
0.005376
0.561088
0.896570
0.531717
0.780488
0.161954
0.137298
0.893944
0.782998
0.347410
0.800172
0.075326
0.517900
0.881456
0.843601
0.371253
0.228849
0.867865
0.266901
0.822025
0.266517
0.984533
0.360120
0.255362
0.599228
0.359710
0.810427
0.732750
0.632495
0.422013
0.834611
0.306137
0.295722
0.091476
0.563500
0.696945
0.712998
0.861404
0.567160
0.025521
0.175390
0.561330
0.317477
0.864216
0.228547
0.255269
0.842986
0.581316
0.313070
0.921622
0.331918
0.126863
0.789429
0.464573
0.478533
0.056257
0.968629
0.272188
0.296941
0.266275
0.756290
0.931961
0.389165
0.376456
0.423282
0.689774
0.894972
0.664554
0.913705
0.579829
0.218881
0.808327
0.202909
0.523280
0.430419
0.898163
0.407613
0.813147
0.471554
0.347970
0.596728
0.360826
0.317019
0.970403
0.970861
0.725991
0.927372
0.872878
0.350887
0.827378
0.832825
0.766921
0.214498
0.636517
0.631943
0.800452
0.411491
0.590027
0.141866
0.087402
0.597842
0.328676
0.126641
0.405033
0.432533
0.789230
0.880712
0.510822
0.824548
0.609775
0.330841
0.705478
0.317573
0.004507
0.104784
0.475346
0.979467
0.114823
0.220978
0.184828
0.602779
0.737716
0.387549
0.957958
0.644582
0.963795
0.681806
0.039610
0.021987
0.041489
0.847546
0.529939
0.459859
0.760076
0.622606
0.239662
0.373722
0.844850
0.368298
0.550665
0.746313
0.148261
0.188039
0.922611
0.757193
0.664335
0.828359
0.999926
0.420009
0.323047
0.181490
0.510759
0.888353
0.501443
0.152786
0.858049
0.630838
0.541343
0.781554
0.245960
0.560089
0.706585
0.513745
0.437387
0.860771
0.005692
0.342058
0.978190
0.352224
0.955133
0.660163
0.032706
0.830541
0.382555
0.499204
0.756985
0.056890
0.024551
0.039249
0.711719
0.284729
0.077551
0.668039
0.288156
0.235647
0.520169
0.440836
0.055882
0.496029
0.864866
0.123704
0.652377
0.428107
0.026274
0.347359
0.549210
0.435611
0.600457
0.758631
0.621513
0.879988
0.228604
0.894949
0.248799
0.791852
0.664150
0.594656
0.344502
0.027605
0.535942
0.664502
0.336679
0.628130
0.204216
0.603029
0.206762
0.072441
0.906163
0.251076
0.039786
0.552897
0.208036
0.677819
0.283714
0.474263
0.596259
0.729668
0.383446
0.042348
0.178673
0.682026
0.918635
0.132721
0.439344
0.857506
0.756366
0.898688
0.271922
0.916460
0.450600
0.194890
0.595593
0.741405
0.734542
0.686670
0.269616
0.317695
0.428440
0.891488
0.868177
0.075701
0.584369
0.484755
0.234596
0.062723
0.413573
0.393314
0.544977
0.170428
0.189336
0.692249
0.859186
0.278763
0.286526
0.798327
0.028417
0.852561
0.071287
0.550021
0.837978
0.647142
0.282336
0.790438
0.348721
0.822315
0.925760
0.907513
0.091989
0.466979
0.848495
0.198908
0.975505
0.729670
0.341606
0.269119
0.894350
0.645008
0.836518
0.726833
0.632410
0.676903
0.171412
0.992621
0.415914
0.075139
0.662269
0.865282
0.051971
0.763515
0.180952
0.042166
0.192472
0.042141
0.058646
0.135460
0.532611
0.096017
0.431383
0.494116
0.331255
0.722296
0.274648
0.609378
0.399403
0.408815
0.807842
0.030323
0.658636
0.756067
0.729786
0.347241
0.819982
0.195697
0.418138
0.030126
0.014120
0.389444
0.450825
0.860009
0.922744
0.729963
0.629012
0.827094
0.169209
0.897332
0.324501
0.094373
0.649087
0.253987
0.461101
0.749035
0.277832
0.133192
0.487877
0.622878
0.733709
0.168021
0.112923
0.697152
0.550961
0.052599
0.961847
0.325632
0.752704
0.032245
0.725616
0.572998
0.933793
0.999138
0.301848
0.784522
0.191666
0.492237
0.007428
0.324766
0.081935
0.481670
0.999428
0.348857
0.103156
0.133698
0.001702
0.799513
0.160308
0.020044
0.867125
0.070269
0.023015
0.394325
0.897592
0.634468
0.155895
0.164905
0.718639
0.842521
0.137424
0.683342
0.495790
0.867323
0.185046
0.643479
0.813516
0.511967
0.671812
0.857486
0.908106
0.697299
0.088268
0.079174
0.324135
0.316102
0.569207
0.565406
0.811530
0.121949
0.518246
0.707375
0.628631
0.658763
0.355512
0.448055
0.362323
0.539472
0.185371
0.353916
0.269072
0.301619
0.824807
0.813148
0.216665
0.057810
0.440802
0.912829
0.850099
0.772019
0.203261
0.753325
0.647044
0.073028
0.374062
0.403061
0.698077
0.742953
0.539349
0.319979
0.777095
0.478914
0.961183
0.256221
0.924581
0.469828
0.850692
0.583486
0.696911
0.531215
0.119889
0.674608
0.786224
0.288311
0.669727
0.686559
0.906344
0.627276
0.817969
0.467770
0.232549
0.998783
0.767505
0.476872
0.758233
0.287118
0.906174
0.150296
0.461304
0.603500
0.441354
0.809762
0.808322
0.187818
0.140622
0.339613
0.920035
0.598001
0.767632
0.183381
0.881246
0.838092
0.404238
0.717961
0.535435
0.627523
0.585328
0.084641
0.575448
0.417548
0.475532
0.713003
0.188509
0.345465
0.966387
0.664609
0.245130
0.161682
0.260026
0.112467
0.689263
0.700824
0.819564
0.553714
0.035604
0.521226
0.028719
0.006545
0.218750
0.839521
0.208765
0.263448
0.214613
0.216166
0.695263
0.981930
0.684456
0.783045
0.093806
0.704812
0.407595
0.460886
0.897296
0.778792
0.535514
0.535797
0.051990
0.752633
0.246923
0.269692
0.811818
0.259959
0.356308
0.397134
0.082678
0.439204
0.951918
0.287845
0.660861
0.147336
0.178061
0.095559
0.219443
0.113316
0.645595
0.945498
0.382964
0.502838
0.243928
0.409569
0.124357
0.354991
0.705354
0.815829
0.053698
0.536910
0.347658
0.926734
0.724338
0.772798
0.922563
0.520213
0.808790
0.231051
0.986735
0.901232
0.234034
0.430036
0.680290
0.593013
0.744336
0.876312
0.956750
0.740697
0.472629
0.687601
0.550870
0.825638
0.592319
0.569338
0.881624
0.900005
0.756130
0.111814
0.129621
0.200728
0.234436
0.881916
0.703698
0.421550
0.103081
0.503271
0.778865
0.574909
0.629808
0.082313
0.112084
0.599183
0.234173
0.874154
0.746564
0.363750
0.914630
0.554068
0.694762
0.459589
0.385739
0.158335
0.751163
0.822414
0.176028
0.139869
0.555408
0.676756
0.539137
0.291189
0.958385
0.974316
0.803774
0.166801
0.379254
0.577005
0.550588
0.084325
0.017104
0.188840
0.787306
0.122342
0.025480
0.873742
0.322619
0.823030
0.984301
0.875186
0.909654
0.623449
0.692025
0.644767
0.801023
0.758455
0.339666
0.460027
0.791252
0.162720
0.429304
0.449313
0.121470
0.998871
0.798790
0.827133
0.000189
0.654121
0.120617
0.048341
0.520911
0.703640
0.126224
0.202944
0.222277
0.999919
0.488825
0.682827
0.496558
0.501623
0.929405
0.072974
0.566964
0.925568
0.537234
0.552471
0.257639
0.905313
0.932935
0.487317
0.923862
0.794316
0.219940
0.473715
0.421807
0.975912
0.872669
0.342771
0.977840
0.627436
0.768763
0.788058
0.986465
0.100276
0.260332
0.542397
0.097692
0.880482
0.459588
0.130378
0.170188
0.898604
0.136561
0.654687
0.641646
0.855471
0.237586
0.492297
0.565173
0.184522
0.757589
0.289802
0.215648
0.073682
0.339498
0.031025
0.023490
0.955548
0.110887
0.578814
0.193295
0.439821
0.971327
0.639166
0.286957
0.102862
0.586782
0.996218
0.213938
0.461683
0.633857
0.871822
0.282702
0.143338
0.850345
0.182595
0.576326
0.354103
0.966106
0.994692
0.101717
0.744811
0.867546
0.672548
0.941331
0.022202
0.672531
0.965625
0.603959
0.715780
0.873289
0.913777
0.954012
0.772361
0.642045
0.472964
0.700407
0.257792
0.950915
0.921281
0.417500
0.475452
0.243502
0.276420
0.839083
0.228373
0.533350
0.696034
0.276542
0.362181
0.745378
0.745235
0.409862
0.960626
0.116296
0.048777
0.022550
0.987007
0.697803
0.768328
0.581821
0.853190
0.257777
0.887825
0.178553
0.122134
0.891166
0.219540
0.695644
0.470254
0.624745
0.521801
0.999648
0.664850
0.315483
0.236588
0.747077
0.515961
0.498157
0.290247
0.866123
0.068595
0.163876
0.263762
0.903964
0.407638
0.350046
0.025694
0.012088
0.359437
0.336242
0.952649
0.452851
0.719237
0.872822
0.772231
0.916218
0.908533
0.337366
0.441829
0.576489
0.805973
0.898135
0.731002
0.051342
0.286217
0.156967
0.647352
0.602552
0.917448
0.700391
0.170374
0.291547
0.628464
0.462725
0.036079
0.728206
0.780455
0.815105
0.602438
0.746232
0.615993
0.772055
0.099955
0.039102
0.037635
0.124755
0.177032
0.097195
0.869945
0.554223
0.703276
0.485132
0.909831
0.534698
0.980120
0.586119
0.893126
0.726012
0.490957
0.979528
0.410772
0.282363
0.651419
0.201297
0.709843
0.662269
0.458475
0.537900
0.672765
0.181799
0.391050
0.893354
0.383057
0.575447
0.906146
0.511863
0.386257
0.202104
0.076725
0.178526
0.775365
0.576258
0.955230
0.405076
0.926004
0.699815
0.984688
0.848957
0.217432
0.189154
0.641954
0.466123
0.095012
0.674194
0.870902
0.675752
0.054835
0.387848
0.454310
0.285064
0.995720
0.660824
0.703402
0.013598
0.279388
0.894360
0.014495
0.532693
0.765679
0.964001
0.258822
0.981118
0.678371
0.579298
0.639021
0.647055
0.863653
0.768102
0.318558
0.681619
0.412915
0.172959
0.604432
0.214136
0.981579
0.589746
0.431708
0.940521
0.061839
0.784708
0.453189
0.660790
0.843780
0.551457
0.520935
0.983353
0.031798
0.431872
0.827051
0.704854
0.954841
0.053149
0.608864
0.072459
0.373674
0.610766
0.350564
0.469139
0.069247
0.160126
0.677466
0.085969
0.615704
0.711711
0.730337
0.183042
0.114484
0.244810
0.601822
0.591516
0.050400
0.088580
0.901313
0.467918
0.602538
0.798838
0.237263
0.405874
0.955259
0.714778
0.084545
0.153898
0.619960
0.250208
0.586939
0.526557
0.313031
0.026829
0.318387
0.836044
0.790655
0.165189
0.949941
0.632173
0.932221
0.472421
0.815848
0.050696
0.070764
0.321489
0.370347
0.366321
0.952894
0.061873
0.824522
0.753675
0.196405
0.327521
0.557861
0.415058
0.204762
0.178471
0.219205
0.603920
0.384472
0.867326
0.058073
0.249533
