-0.9660970816
-0.2725287883
-1.6808897571
0.3758448727
-0.7695315430
-0.2812201886
-0.1316333444
-0.7889170982
-0.8649110769
0.4131202638
0.6748360323
-1.3352284519
0.8823304868
-1.9897596953
-0.1490443939
-1.1436795659
-2.3073612836
1.4667884112
0.8129516425
-1.7079824086
-1.2729821649
-1.6224077942
0.5188530695
0.4136904686
-0.5100618019
0.8333744981
-2.0496151115
0.7123589887
-1.1398002858
-1.1148134934
0.6476222883
0.0762854074
-0.2409695631
1.8911947492
-0.0766455168
-0.1155632248
-1.1108634537
-0.9299967232
-1.9703706171
-1.1710722619
-1.7846446438
-0.1725512625
-0.5588157938
0.7555753403
-0.4229137514
-1.8030503884
2.4042079260
1.0605813119
0.0243467101
-0.0634858182
1.3765826560
0.8808342043
0.1802116132
1.3397512127
0.2136441303
1.4274744529
1.0769341664
-0.3395544628
0.4952755747
-0.2395802153
-0.5244389532
0.8591182771
-0.9745156445
-0.7313616127
-0.3765519905
1.5628443519
1.2471434305
-0.2355859281
1.5726118258
-2.5116747229
-0.4668292798
0.4906872159
0.7585952622
-0.6243208251
-0.7468883359
0.0423864679
0.9548706908
0.5751969551
0.1996349354
0.1415395107
-0.6600847457
0.1142102745
-0.8273581390
-0.9879362894
0.2431990755
-1.9306091263
0.0380549290
1.0750030866
-1.6488594022
-0.3683444735
-1.2251134816
-0.2988549834
1.3925537100
-1.1990435155
-0.7810700542
1.7400038267
0.6761816675
0.1323065352
-0.0760794264
1.5164060389
-0.5070959838
-0.4036203775
-0.4967672578
-0.2498576200
2.1700162856
-1.3004087740
-0.3253028107
-0.9705791612
-1.9966325490
0.6930207614
-1.3288255734
1.6263691751
1.6774381027
-1.5899193838
-1.9564177262
0.7071013168
-0.8288477255
0.9209502395
0.7241119437
-0.6852851930
-0.1510062569
-1.5797169618
-0.2588150045
0.4270345469
-0.7311492414
-0.4645039610
-0.6666420045
1.4330240258
-0.2365770407
-2.1006857452
0.8344625360
-0.2130297529
0.5722753177
0.8179870091
0.5384777381
0.7137857675
-0.7753111789
-0.1509339570
1.4763453653
0.6211282269
0.1772872348
0.3501323937
-2.2676542294
-0.7285354462
1.5298561986
-0.8232997260
1.1399329603
-0.4751064367
0.7964944217
-1.6369490250
-0.6122653645
-0.7578216842
-0.2900857144
0.0877313711
1.4054933568
-0.1502038262
-0.1034111960
2.4158609700
0.9607478934
0.6520384371
-0.1340280893
-0.7046710459
-0.8707520403
0.3449069605
0.0001199699
1.2528420533
-0.8550083043
1.1953678772
0.5293115809
1.5295216358
-0.0065426309
0.0997476370
-0.3611539030
-0.8162451088
-1.5282846128
2.5940166958
1.4090708990
1.2118483110
0.4175811099
0.9314816738
-0.0986934268
-1.8459567317
0.5242100857
1.3249550951
-0.2969494949
-0.0933027350
2.7035665564
0.4875856614
0.2876419439
-1.9019445568
-0.5879405984
1.3709805436
0.7099308002
-0.3004302250
0.4809677832
-0.1186043571
0.1114876069
-2.3975217144
-0.5719993034
1.5346187464
