2.2439177857
0.4043119240
0.7796842845
0.3068358271
1.3300021257
1.0179522255
-1.0690933063
1.0595802861
1.3646667427
1.4029620310
1.1604338363
-0.4377122824
-0.1754466632
-1.0888178089
-0.2701026023
0.1719709727
-1.9277551292
0.1957724079
-1.3601496114
1.3894049166
-0.7224260762
-0.3930694987
-2.8385014033
-0.6934145472
0.1607867565
0.3566718512
-0.1794508059
-0.7235905341
0.4531918873
-0.1927626431
1.2940095688
-0.4887144887
-1.0661180803
-0.7009943252
-1.3310594973
-0.6419330789
0.4535490197
-0.7014859621
-1.1762794064
0.6384858952
0.7968512949
-1.7693639917
0.4373997940
0.2138642591
-1.1056870626
0.6221896796
-0.7422898627
-0.7686936250
-0.7966374652
-2.5330244061
0.5242878933
0.4065323773
1.0609840868
0.2548983012
-0.2123609376
0.0079793098
-0.1861643239
-0.2848879342
0.3179732298
0.8096838675
0.3406897672
-0.0672379979
-0.4576036496
0.9484898270
0.7951492229
0.2777471202
0.4724678960
-0.1267814523
1.5414068801
1.7291359410
-1.2191316361
-0.6621590668
0.8585735861
-0.9093563024
1.9324290809
-0.7412982476
-0.3215382248
-0.5761665266
1.2623816454
-0.9187060234
0.6084721540
0.5503621051
0.2928894574
-0.5283865151
1.1998900627
-1.1184916144
0.2354164887
0.3101677746
0.9223308751
-1.3772391138
2.4710744681
-0.9828544214
-0.9929328850
1.9952535167
0.7243735773
1.2669695728
0.4384869051
-0.4038575767
0.6822320702
0.6677748413
-2.1550698941
0.8133579526
1.3445408969
-0.6800442556
-0.1479210323
1.7758754849
0.5076368546
0.5058331461
0.5115761845
-2.7628893656
-0.3297610058
0.2983848452
-0.9572454697
-0.6548679817
-0.7352022463
-0.2340795826
-1.2026664042
-0.2975606351
-0.5109882673
0.7195001810
0.7759888344
0.7036094617
-1.5956874737
0.5699360675
-0.0660486790
-0.6492887273
-0.7751427917
0.5404914538
-0.0973460233
-0.2940566360
-0.2250260178
-1.9873651238
0.2231350896
0.0055993651
-0.6605233328
-0.4065298115
-0.6289345659
0.1180860710
-0.8151711348
-1.1281959598
0.0719797788
-0.4405060650
0.1575228203
0.7588736793
-0.3654141150
-1.2242797893
-0.8855951523
0.1554744585
-0.4000676016
1.3816360001
-0.4297153166
1.4089839417
-0.3030879848
-1.8710580004
1.0223266292
0.0538121603
-0.5434800482
0.2748535194
0.0932827255
-0.6814525465
-1.3289511241
-1.8381459193
0.2547522682
-0.5963600961
0.4522543847
-0.5799707156
-0.2771656562
2.1108964035
0.5298493943
1.0308560519
-0.6304589173
0.9017515193
0.3535378219
0.0440345790
1.9745384981
-0.7017748848
-1.0978063613
0.1698116908
0.4720702783
0.2598331300
0.5965755070
0.4545257891
-0.0674237850
1.2544395406
-1.0641456050
0.4274349360
-0.3415432921
0.9300241409
2.3197968273
-0.5933047949
0.7545840021
0.6408832600
-0.9063489992
0.2915942957
0.4138710227
0.0305640406
0.6929575329
-0.5814008451
0.0477876478
-0.1345738413
-0.1801068588
-2.6951495421
-0.0278574347
-1.3150809782
0.3792155768
0.2989763705
0.3642020731
-0.2819953496
0.0628746979
-0.2890424526
0.7626116476
-0.1977691186
0.5338418631
0.4790032968
-1.4746930217
-2.7992970342
0.3222846824
-1.5419588629
0.3794312810
-0.4302133245
-0.5463624210
-0.3600721339
-0.3018600333
0.4812126271
0.0853705046
0.0884337968
0.1811245512
-0.3708827055
-1.6869959780
-0.2543369548
0.1920286561
0.7296841923
0.1592396374
-0.8232496637
-1.3501546395
1.3676253525
-1.7494684736
-0.8136628034
-1.0440377194
0.4245835355
2.2698569416
-0.9458771612
-0.3712070869
-1.0936291711
-0.1161871322
-0.2190723333
0.2716874313
0.8390454270
-1.0434033659
-0.2370363484
0.2426169190
0.6333297951
0.5100607494
-1.2501462056
-0.6163745575
-0.4592163254
-0.5776966038
-0.2995151160
-0.1342959321
-0.8585234004
-0.7504925979
1.0734115579
1.2602956447
0.2047949980
0.5252811213
-0.1524525014
-0.8875002046
-0.6737064930
-0.6807737894
0.9124693551
0.4205298348
1.2834199113
-1.0007629694
0.0104518032
-1.2978187756
-1.4480653943
-1.5765788322
0.6091804030
0.7446424243
-1.0390237146
-1.0447871315
0.2171788596
-1.0216204414
0.3950002468
-1.8006444129
0.2630084788
-0.0207725303
-0.6595324103
-1.4677825901
-1.0194113405
-0.7684307974
1.0277581946
2.0785168905
0.1359226823
1.0110616939
2.2873043986
-1.9305883765
-0.8850457893
0.4364438205
1.4189565032
0.7463120032
0.8168075874
0.7040193858
-1.3402669418
-0.2365133259
2.3646715630
0.7157903530
1.0966941678
-0.6925626554
-0.5690383552
1.0470763835
-1.7734602972
-1.0259400913
-0.1229214406
-1.3812842673
0.2300982696
0.1034784367
0.4385442557
0.1972438445
1.2252879912
0.3265980563
-1.1801721588
0.1881663645
-0.3436914480
-0.0666605998
0.6485961088
2.3462825706
0.8380395833
-1.7791633374
0.0434612475
0.3527221506
-2.0426572629
0.6948884418
-0.3985585301
-0.4730352088
-0.3956531955
0.8923533235
0.0418978593
-0.2767913605
-0.9146784935
-1.0408255309
-1.1775328050
-0.6790380673
-0.5078025964
-0.7392635560
0.1024880659
-0.4293107020
-0.8564997121
-0.1142843541
1.4911571341
0.3911579372
1.8191092743
1.1491742009
-0.4472567017
-1.2323143545
1.0252432634
-1.0675902015
-2.0326810359
0.9587390760
1.8482145612
-1.0472134333
-2.4887371716
-1.6438909795
1.3144126471
-0.4066124370
0.7926392756
0.1549837639
-1.1739957110
-1.7519476984
-1.7339743046
0.5763138353
0.2622294526
0.8762591568
3.1601461974
0.1950544289
-0.2865395606
1.1115394824
-1.2831570458
-0.3014302220
0.3397542606
0.9863191739
-1.1013072103
1.4970141525
1.2563010693
-1.4393057526
-1.7916618548
0.3409830027
0.0052821090
2.1148496403
-0.1594612236
0.8057310740
1.3599412375
-0.9066097397
-0.7880012049
-0.2249536912
0.5208334416
1.4683218006
-1.3101209567
0.0748618999
-2.1081124986
-1.1084831480
0.3047505131
0.7591325243
-1.0160930229
0.1812689013
-0.9248436967
-0.1127126894
1.9227612264
-0.4252960975
1.6985209148
0.2039304296
0.6218481551
0.2093968059
0.0070293498
0.0325180942
0.0639484357
0.9773183418
-2.2022656269
-0.4936783805
-0.4630178034
0.3311458577
-0.1789081616
-0.0911881236
0.2397350438
1.3328450322
1.2372070443
-0.1751572437
-1.5485281345
0.3322280444
-1.6128529053
-0.3594082000
-1.4219028914
-0.7015992538
1.2755143528
0.0727019676
-0.0997733017
-0.5311666403
0.6584242339
0.4404023639
0.1815449919
-0.3993676754
-0.2034829963
-1.8712642664
-1.3601162151
1.1551088237
-0.1357780917
-1.4834976352
-1.1396048840
-0.9969131161
-0.5868502941
-0.5398193123
0.8683122695
-0.2369107251
-0.1950188208
-0.1020717552
0.5866380079
0.7484528207
0.0868363926
1.2574517383
-1.1682656664
-1.0985638818
0.5057281515
-0.6796846284
1.2544076863
-0.9981568653
-0.4766885387
-1.0388890373
0.8539797448
-0.6037265636
1.6403248997
-0.5930221684
0.8912987205
0.2311823376
0.5126665656
0.6111146087
-1.0858866868
0.2547486435
-0.0940751436
-0.5068734026
0.2708867422
0.0862600667
0.1242528542
-0.0858234122
-0.2689643607
1.3473310504
0.6280766241
0.2347644666
-0.3262707716
-0.6134184352
-0.2866313805
1.0173059445
1.8958256707
0.5634810431
-1.0561129980
1.1295934693
0.4818214605
-0.3699387748
0.4367007016
0.1141641378
-1.6860893205
