-1.5963434247
-0.6673615400
-1.2537520561
0.8014653074
0.0483521722
1.2610308231
0.7275391063
1.2679440697
-0.9107454629
-3.8446398509
-1.6619804301
1.3494431404
-0.2619286845
1.9444599782
-0.4668761828
-0.5996641267
0.3101047161
-2.2827208427
-0.8290544282
0.1024709954
-0.1956240970
0.8007767132
-1.4346589529
0.9384998527
-0.5490892196
-0.6786022590
-1.5123461373
-0.5833388530
0.2617196547
-0.8203920777
-0.8497971614
0.3736198623
-1.0612369811
0.8175025748
-2.0299228775
0.5092325622
-0.4369656744
0.4337321601
-0.3696031246
0.7012739350
0.1080899189
-1.2892264831
-1.5601890369
-2.6201923487
1.1454733582
0.5394590551
0.1935437480
-0.1125322795
-0.0033585913
0.3843656388
-0.5684655989
0.8370678542
1.4640333687
0.5919806170
0.9166957118
-0.9553072078
1.1261583596
0.0205087122
0.4530267289
-0.1290316617
-0.7248630003
-0.1745837828
-2.3967584527
-0.4998681124
-0.2786124266
0.6201001428
0.2034306276
0.0174818286
1.0624396020
0.7358163851
0.9395997919
-0.2789290936
-1.4720450907
0.4672289872
-0.9251376172
1.5504660876
0.2815464739
0.3674487509
0.5377803116
0.7392366188
0.7805621751
-0.6802200179
0.1134200838
-2.1700710916
-0.2212188977
1.5133093620
2.0214159834
0.7460864129
0.3225918999
0.6156118325
-0.2311632640
0.7234801047
0.8967753550
-0.0047124445
-0.6425318752
-0.7379948551
0.0141102556
-0.2654799455
1.2427765981
-0.0274434961
0.4493224169
-1.2518299868
-1.4612737655
-0.4506814944
-0.7553501718
1.7424885784
0.9199762418
1.4476824156
-0.1180774123
-1.3200564340
-0.5590885426
-0.0174729375
0.5121887964
-0.8832673926
0.5961957698
-1.5179470786
-0.1923491581
0.9010491936
1.3624912599
-0.9791217960
0.4058618848
2.0331806175
-0.9952923786
1.0248103509
0.9145141351
-0.0210520011
0.6822481907
-0.4207433668
1.0386150586
0.3900593123
0.9455839291
1.1454797633
0.4414343245
-1.8404055587
1.2618097835
0.2180655320
-1.3481904977
0.3753342020
0.4281945968
-1.0165685419
1.7993871647
0.9896035141
0.1768817821
2.0009265473
-0.9586370546
-0.2058396105
-0.8581221109
1.0224624554
-1.0129528124
0.5595861756
-0.7741376339
0.7217822934
0.0073821842
0.5050768702
0.4942564235
-0.9778544520
-1.2556590102
0.6534999531
1.6688034454
-0.9017668526
0.3834106183
1.9223922462
1.3914284007
-0.4604215302
-0.1446014288
-1.3031847263
-2.6646748348
-1.8462998700
1.3924790138
-0.2560332553
0.4193012593
-1.5064386603
-1.0203786529
-0.8329283397
0.0829604989
-0.4695629479
-1.7335546688
0.0336827304
-0.0900595068
-0.3179031919
0.5438374819
-1.8454888573
1.4497833539
0.1118123185
0.1881098104
-0.3582403734
0.6224489830
-0.7675936399
-0.3049760632
-0.4210515538
-2.0584051259
-0.6637690826
0.2286159008
-0.8264623154
1.1258301789
-0.7028906431
-1.3395332481
0.9599693411
0.0039825926
2.1661700868
-0.2433424941
-0.4879128275
-0.7073277656
1.6249841169
-0.8173530292
0.3379684896
-0.9268407588
0.6713473209
-0.0517237012
-0.4314228621
-0.0108507618
0.4764216417
-0.2172680800
-0.5479211791
0.1577144313
1.2660870600
-0.6831786998
-0.8647670264
2.2518771530
-1.0556221306
0.6242557525
0.1523870252
-0.3009742594
-0.2013069621
0.8369148139
0.1893936153
-0.1168253714
1.5022224538
1.4443006402
0.2844968979
-0.2969164920
1.1001495822
1.0540328615
-1.2182901191
0.3643694356
1.1298712907
-0.5205095322
0.0975122488
-1.5431109799
-0.3429211039
-0.0146206293
1.8487835765
0.9553642537
-1.4539979092
0.6055197704
-1.8638406707
0.2863274081
0.8146417159
-0.2678316038
-1.1335728738
-0.4335610158
-0.2021045802
-1.1732805862
1.5597549871
0.2056550175
0.8061985038
-0.1361979256
-1.0098042884
0.1310604838
-0.0584790756
0.6000713917
-2.0608595594
-0.5032807384
-1.5875344740
1.7539799175
-1.3630019657
-0.1939390869
1.1188969699
-0.0710582027
0.7384953766
-1.6352422476
0.4117704556
0.5281998358
-1.0382692832
-1.2495972559
0.1054458728
-0.4823916388
0.4619666460
1.2708052661
-0.9926627606
-2.0690343771
-2.9629939415
-0.8481312720
-1.6077647615
0.7618859963
-0.8032712119
2.4014364319
-0.1996068068
-1.2524300110
3.0965640593
-0.6058828466
0.8583461292
-0.3449012210
-0.4672141843
-1.0558795992
0.5308628434
0.4909853892
-0.9077043289
-0.4128623245
1.3221823772
-1.5845475109
3.2020968288
-0.0555811181
-0.1778441961
1.2347199921
1.2865513420
0.5137905328
-0.9747862019
-0.1182528966
-0.7099677783
-0.0171532402
-0.9198742583
1.2777973140
1.9041126961
-1.2508215173
0.4274965141
-0.0447855652
0.8256509477
0.1615086212
1.4452412081
0.5953659947
0.7535949544
0.5653497911
-0.6436980632
-0.3880023006
-0.8196492338
0.1671945346
1.1786673165
1.5004125823
1.4599249421
1.0893067227
0.0248088413
1.7129618819
-0.1011227551
1.5375160470
-0.8963894758
-0.0086906757
-0.8362933140
-1.2352108576
-1.1885567489
-0.1705677411
0.6020457964
-0.6609163996
-1.6461760272
-1.5131493466
-1.3115221696
-0.7909739506
-0.1448227177
0.0054948603
-2.1111759403
-0.6733560017
0.2025388019
-0.0861011140
2.4411062107
1.2641049304
0.2887997689
-1.5640881182
-1.6210343629
0.2438922620
-2.0682181807
-0.0597663466
-0.9016807766
1.0651512650
0.0273676126
0.7273516067
-0.7067384425
-2.8917070582
0.2360836307
0.1928820455
-1.3195512958
-0.9983965693
2.0791968237
0.3342155409
-0.1666443796
-1.5654221688
0.1659615689
-0.7336388110
0.5324339759
0.8020473273
0.2888323168
-1.8853500298
-2.1685925368
-0.7332245080
0.8144810446
0.2991288618
1.1585844599
0.2061298021
-1.8061366856
-0.9644564068
-0.7014837103
1.4152172272
1.4798376834
-0.5416559687
0.3962134429
-3.1672911142
1.1218090051
-2.2063818903
-0.8802262145
0.5719457371
1.4844393198
-0.2457356813
1.4170137575
1.8562235471
-0.4350362028
-0.1364472694
0.1736585859
0.6431120916
-0.1068827510
1.6245573180
0.9538566857
0.1578920495
0.4932153415
-0.4770894309
0.9459332314
0.7200302778
-0.7940146884
-0.5241736875
-0.0481255272
-1.1941706802
0.9103404291
-1.6773317626
-1.5177357437
1.0679730541
-1.7788020377
-0.3839303224
-0.2404523604
1.3375229664
0.5435532038
1.3676425260
-0.9779683606
-1.6808520716
0.0609741154
-0.6466373249
1.3336941668
-0.1231722097
0.9358310166
0.5153197659
-0.9816687474
-1.4856438091
-2.1332175500
-1.6120104872
0.8785115077
1.2993537402
-0.6216428875
1.6826062931
1.1127469906
0.3296131402
0.9937472745
-1.2386939399
-0.8853507326
-0.9616475161
0.1325136444
0.8366674009
-0.4517159731
-0.3124284311
-0.9263787785
0.3347847889
0.2040508718
0.7903638713
1.5523368674
-0.3212759884
-0.4128853162
0.3004878734
-0.4674655176
0.1414791989
-0.5816094387
-0.8107848857
1.4048118379
-1.3302189374
-0.2104168372
-0.1581251738
1.4056714397
-0.1813584557
-0.6054191913
0.1421229271
-0.7050807679
1.2238795550
-1.7691318193
0.4446735825
-1.2641077077
-0.8926640810
0.3857679866
1.2958188944
1.3207289652
-1.0166325426
-0.1272723954
0.1454969273
-1.7373167592
-0.0103951531
0.6777450068
0.7365535161
-0.3354247301
-1.1586336346
0.5712915892
0.0687911372
0.3341664570
-0.1535443214
-1.5743977634
-1.9528702240
0.2708291699
0.1829854076
-0.6107455728
-0.9947999421
-0.0732390223
-0.1379983991
1.5020146037
1.8875742184
-0.0869725152
1.8027984657
0.6239718836
-0.8419708240
1.1830605404
0.9029015051
2.2869430640
1.4570539684
0.5052169744
1.8288938998
-1.0457210538
-0.3854964056
0.0988606168
-2.1935814126
-1.0800065822
-0.6034606882
-1.7630130032
-0.3694940129
-0.9732566606
-0.9425738708
1.0374075545
0.0354978699
-1.0421920376
0.4822558146
1.0261099559
-0.1274646422
0.8502554878
2.1989121516
0.7525030578
-0.8118591073
0.3732116901
0.1479489903
0.3348067641
0.6540516327
-2.5077621052
-0.1399329047
0.4155326640
-0.0486301205
-1.1471569385
0.2965585809
0.4729840644
0.0615562366
-0.3975957844
1.5396913053
-1.0807570965
-1.9699052103
-0.4944122574
-0.1018080165
1.2573698278
-1.2219707382
-0.1517010214
-0.1614443260
0.2261378995
1.0535981286
-1.5881880635
0.1320905696
-0.7572971400
-2.3641202329
0.2851272022
-0.5388628501
-2.2509758658
0.0044778776
-0.4426670053
1.1322043192
-0.4544995205
0.2993239809
-1.2053575542
0.0478211604
0.4284058945
0.9698780762
0.5511425716
0.4919876923
0.5548334559
1.0930502788
-2.7167466412
-0.4016374715
-1.0005600707
0.8710369366
1.4647282770
0.7363690088
-1.7342169069
-0.3771904516
-2.1994303800
-0.7591542581
-0.9479695829
0.7792562307
-1.4339864691
-1.8081221007
0.9159986344
0.4655534263
0.5571036931
-0.0228150836
-1.7939318671
-0.1323164949
-0.0983205565
0.8388235095
1.3853813531
0.6330191021
1.2936013614
0.6974851153
0.5829888009
0.0946591859
2.6850867456
-1.9618162928
0.5498734496
-1.2268273773
-0.5782367592
0.9840278933
0.6324263205
0.2234293986
0.5637000042
0.1471437227
0.0688464274
-1.2608392782
-1.2923581055
0.8616441050
0.0836823470
0.6502463186
0.5011251421
0.6989561967
-1.9290791726
1.3880332966
0.1990621087
-0.4936364369
-0.5739734622
-1.7749481984
-0.6226505855
-0.7902555021
0.1002053941
1.4482131095
1.3653122966
-0.6916024198
-0.3184369957
0.4847070820
0.2247866112
-0.5301525091
-1.2642400633
-0.7386949469
1.1685864033
-0.1522109319
-0.7666565874
0.7294464786
1.3979279447
-0.5970597292
0.3912100682
-0.6942351724
0.1524907833
-0.5438105992
1.2184008886
-0.0786256656
1.6649049589
-1.9919705461
0.0855832083
0.6999630850
-0.9680948296
-0.0597904622
0.1525551835
-1.7490545400
0.5171005267
1.3291969111
-1.3824004849
-0.1631896260
0.4583372960
-0.0382078782
0.0305455332
-1.2536568741
0.3215777158
-0.0010928455
-0.5078075124
-0.5735686629
-0.4006458632
-0.7400089034
0.0773569002
-0.9948166357
-0.4738904893
-1.7969425073
0.5606136010
0.3923583946
-1.1207565546
-0.6593715572
-0.5921413457
-0.4993624199
0.7511124214
-0.3029016200
0.7526488729
0.0124803518
-0.1935367498
0.2389055208
-0.4194247407
-0.6165785140
-0.4750921855
0.0988721376
0.1405332186
-0.7691605569
1.0835983793
-0.2961955789
2.0409025772
0.0365805810
1.0369755892
0.4258622767
0.0969482415
0.7322939250
0.8288310134
0.3794490381
-0.2536444694
-0.5079232115
-1.0188070836
0.2258998019
-1.0447660254
0.6288284778
-0.6905289122
0.7763200269
1.5622250335
-0.6989245238
1.7383533223
0.2696844954
0.0723407114
0.4150349273
0.3213331634
-2.1817856073
1.2036863097
-0.0310349821
-0.1818089770
0.0522499651
-0.4036655780
1.1010916494
-0.4481973373
-0.2693672143
0.5105426972
0.0438747311
-0.6326138597
1.5694023748
1.0265249509
-0.2323988765
-0.0514062204
0.8020328265
-0.7609037299
0.3808603324
-0.1078332348
-0.1946021869
0.8744800536
0.1107782844
0.7972923436
0.1559561287
-0.2559568788
0.4117190932
-1.5705039498
1.0385006788
-0.8105491697
-1.4079370034
-0.4235326807
0.6136081248
1.4580243166
-1.7106250410
0.2554286162
0.5910902124
1.6979918599
-1.4954287554
0.3310503201
1.0463220325
-0.4801998511
-0.3576428259
-0.7255495420
-0.8147962808
-0.7710130376
1.4777689330
-2.5345110704
0.1549944989
0.6577603047
0.6677376165
-0.6364016990
-0.7904383536
0.4016636188
-1.3543375564
1.3420316454
0.9463832491
-0.1622890585
0.2103001827
-0.4975673839
-1.1079268907
-0.8799225129
0.7645807435
1.9187641809
1.5330040413
-0.1204873517
0.0662074645
-0.2362138342
-0.4302714460
0.4818813465
1.4146544786
-0.1998307900
-1.4386770831
0.7765690647
0.6178138457
-2.1790259005
-0.1758747154
0.0398529524
-0.0896039001
-0.3574687589
-1.4782047778
-0.6418385384
0.1227811507
-0.1531785706
1.9157571768
0.8497533430
-1.3906302517
0.5414612295
0.7561564985
-1.9175053289
0.2539401490
0.5452710016
0.6563619548
-0.1247132630
2.5531092305
-0.0409763579
0.9522358920
-0.9429581239
-0.8732742283
-1.4608458527
1.7323984731
-1.3273062079
1.0978781860
1.0863298606
1.4491318070
0.9076532368
0.7745613743
-0.2948693211
-0.7373262087
-0.0541323207
0.1390853781
-0.0601909522
1.6763323168
-0.6092185002
-0.3653306685
0.7707620272
-1.3327568446
0.6445822250
-0.3991805148
-1.4963924701
0.2095482618
0.5641356370
-0.8916048640
0.8807618687
-0.0946528111
-0.8284618605
-0.0001257850
1.3093761379
2.2040788808
-0.4646670007
0.3199822844
-0.0300081132
-0.7164250701
-1.0934289227
1.7650795106
-0.3657072786
0.6603354219
1.1912097131
-1.3352478271
-0.9579065603
-1.2528872520
-0.8408343088
0.0521429353
0.4255939767
-0.1518644206
-1.0280469696
-1.3728518416
-0.7698371596
1.8154993864
-1.1778336829
-2.4973948846
-0.3367573801
-0.8190728034
-0.9168144424
-0.5182264900
-0.1399523417
-1.8722606546
0.1413521053
0.2952378417
-0.5593041062
-0.3619635420
0.7793861369
0.6527936081
-2.5104516435
1.2663821822
0.2890271049
1.3345893585
2.0968391566
-0.3004288258
-0.4205887569
-0.6628457864
-1.2206282374
0.3267139677
0.4998584218
0.0021944713
0.4059341061
-0.6950336453
0.1285564486
0.0877154164
-0.0699929542
0.0138248642
-1.1785860115
0.0861973890
-0.1642341852
0.2838886375
-1.3101971961
1.4658772442
1.5098388776
-2.2297370901
-0.4221433728
-1.8669514579
0.4824546505
-1.4799721434
0.5358577904
0.8666297028
0.1905733966
0.0654508653
0.9549181964
1.3100604315
-1.0471788710
0.6109036424
0.2540092606
1.2739057689
0.1421588697
0.4417725891
0.5209843378
0.6710754184
-0.1693294873
0.6314331898
0.8648090415
-0.3040778485
-0.2096556221
0.9072715488
-0.4103544325
0.9502853734
1.0072887242
0.3025294635
-1.4398735018
0.1498205769
-0.5014576680
1.3385769972
-0.3839133184
1.8035470586
0.5874265249
0.8666387603
0.1948083130
-1.3729639131
-0.1963388571
-0.8011033131
1.6058852437
-0.0352470550
1.4691832027
-0.1759860049
-0.1667081030
1.0952821722
-0.2170671504
0.8214741729
1.6305391039
0.9192170148
0.1546108879
0.3706483734
-1.0962687443
-0.6170833704
-0.5797124875
1.3704116837
0.4918476034
-0.1597024400
0.0069238243
0.7236240377
-0.8306693887
-2.9446376894
1.5612740936
0.3808092067
-0.3568417976
-0.8683829737
-2.5144888237
0.3810719572
-0.3244345749
-0.0549217476
0.4301222804
1.4762974965
-0.7799781078
-0.9111200759
-0.2545958341
1.0578963483
-1.1386792486
-0.8942285162
-1.5266994994
-0.5217880517
0.0841491427
-0.6858053106
0.2087214277
1.1280243637
-0.9860899631
