-1.4220762604
-0.4413444801
0.6960194766
0.5042796781
-0.8517385231
0.5906023577
-1.2549835728
0.9968143727
-0.7938101522
-0.0258777540
0.9082028429
-1.1696592231
-1.4131147830
-1.4014912988
1.1574647726
-1.2097733757
1.0630548270
0.1013366232
0.2086076760
-1.0013125285
-1.9882550120
-0.6114618228
0.9226063315
-0.8522268284
-0.2961657199
-0.1064543041
-1.1815774154
1.0678426116
-0.2832362293
0.2223356855
-2.0974003990
-0.8282364701
0.8597987175
-0.1410472626
1.5405886811
2.2512808038
2.3233198784
-0.4239657243
-0.3982279070
-1.0748330376
0.4876001520
0.0542718835
0.5521024717
0.2307104929
2.1649819316
-1.8323536543
1.2516552343
0.7708971920
0.1402786936
0.5592291711
1.6347098655
1.5157149851
0.0425586724
0.7203045254
2.0076336143
2.2185605634
1.3719174353
0.9768723178
0.1570516981
0.8043700312
0.5700597849
-0.1357681068
-1.6119777397
0.4271549939
0.1381772609
-1.2447385018
-0.5654026166
-0.2803592987
0.4982128013
-1.7716384103
1.7396430583
1.5430569689
0.8565677176
-1.4424267416
0.1277098916
2.2615687519
-0.2836500093
-0.5862722981
0.2747026128
0.0354056246
-1.1096452295
-3.0842980734
-0.1391956092
-0.8204851877
-2.5028818255
-0.5957262797
0.8846790848
-0.0670400249
-0.5861857443
0.4765044254
-0.4543403122
-0.1825974078
0.3520013156
1.0605061199
0.2069160445
-1.7059398746
0.7042060309
0.3651888144
-0.4442031642
0.7948112805
