6.122173892233460e-02
6.986847451662036e-01
5.234211706852256e-02
-3.118464585580845e-01
-5.692465762138011e-01
9.122273148105327e-01
-2.184953693473145e-01
-5.669174457709761e-03
-9.835264267839542e-01
2.442622255996434e-01
-5.184248254461363e-01
-2.900846471783516e-01
-1.405378662298300e-01
2.398228063268153e-01
-6.687606782874530e-01
6.280360981088372e-01
7.444365651361427e-02
4.403280292761341e-01
5.686325155541583e-01
-1.822714403994587e-01
9.751280978146227e-01
-2.176551215177090e-01
4.275941965365064e-02
-4.579192609617686e-01
-3.779879460687285e-01
-6.100992839053617e-01
-3.390604635533305e-01
-3.190213530644291e-01
-3.056471458874030e-01
4.743614954719712e-01
3.729710420330264e-01
2.386286320511845e-01
-1.243132114554281e+00
-1.426004587259089e-02
4.683468608601325e-01
7.132418152481888e-02
4.105311353389818e-01
4.352868644677515e-01
6.642315945275988e-01
-5.533598897328619e-01
3.134317620604860e-01
-1.623451079921433e-01
-5.380189571782130e-02
6.313661446151718e-02
1.065367224179902e-01
-1.248540500188383e+00
2.820644444275375e-01
4.670833277982111e-01
-1.046120819386307e-01
-5.614370097591749e-01
6.927631746426623e-02
3.216447978660530e-02
4.674461317213893e-01
7.305517973796548e-01
-8.319066591468942e-01
1.749583180919599e-01
-1.929206129726807e-01
8.842221261161347e-01
-3.577319404851673e-02
-1.356195240694093e-01
4.023800803077393e-01
-4.807870957910074e-02
-3.236439874660437e-01
-2.017611823483604e-01
5.053230683163101e-02
5.407841668280197e-01
5.185528133986743e-01
2.042069017468753e-01
3.473459102966633e-01
-8.743563616287771e-01
6.703429665299990e-02
-2.064685904044938e-01
2.171822944638809e-01
5.679259663291992e-01
1.325542482989303e-01
-4.147832428372710e-01
5.845394395649711e-02
8.225883822480441e-01
9.477841313745204e-01
-5.979764687813608e-02
-7.631017523535597e-01
-5.648529800425672e-01
-2.906698308476161e-01
4.779837527418048e-01
1.775967659550835e-01
-7.100146695568114e-01
-2.151737359399312e-01
1.199545013924693e-01
-1.750310389005115e-01
-5.855876594142054e-01
-4.877938513898747e-01
-6.519117157815955e-01
-4.111991286676441e-01
-1.149498868857695e-01
-3.968952438467448e-01
6.480174904485867e-01
2.170271462890327e-01
2.013091859765263e-01
-3.522092111676268e-01
1.328332611839072e-01
5.512967865056793e-01
4.392421413561923e-01
4.882029769393220e-01
3.540569400716638e-01
2.423707981930104e-01
4.775501633054771e-02
2.176401048080645e-02
-1.030330172818269e-01
1.969469653504922e-01
3.338284216361146e-01
6.234878708488145e-01
9.312287211533216e-01
3.421596869986605e-01
-1.006623596306410e-01
-1.566990160219073e-01
3.542444931188060e-01
-1.862000542234467e-01
1.556190444109816e-02
8.195142443022495e-02
-4.470211595908776e-02
-6.801427852551394e-01
-8.982060287725833e-01
3.637457052434290e-01
2.198582017546294e-01
3.948281737144940e-01
9.610645877249766e-01
3.919366175221723e-01
7.755467644036259e-01
3.035745569200341e-01
1.422044723091421e-01
-7.879862489046596e-01
-4.293600661476997e-01
-3.288076182914956e-01
5.019112433853173e-01
5.964464952670741e-02
2.581925956796915e-01
-6.480012537532566e-01
1.021829575579990e-01
3.161259682128469e-01
-1.373040432796210e-02
5.806481266951801e-02
1.356471082427570e-01
-2.198683309188771e-01
-2.924451306822391e-01
4.459281053342743e-01
1.383244359775496e-01
2.329929707223767e-01
-7.329382254050304e-02
2.624112554249270e-02
4.100578919698745e-01
7.573127886028205e-01
2.594965199643443e-01
3.863390373987416e-01
-2.119614644073666e-01
-6.706057540425497e-02
-1.239469742649502e-01
-3.894317846922452e-02
5.445102301924641e-01
-2.865617077274457e-01
1.950773399583377e-01
8.635707712787621e-02
3.956529018055336e-01
-4.473184883029548e-01
-5.030429800453186e-02
7.745533743113555e-01
1.148631727936520e-01
-2.268879506095789e-01
2.389521939602076e-01
2.355380533635387e-01
-4.829749917326270e-02
-2.997198739776820e-01
2.678637110785141e-01
-2.726811534259967e-01
-1.677161833382437e-01
8.967257697804671e-01
4.872739620000828e-01
-7.157967610267781e-01
-3.250699917131764e-01
-2.414271819910758e-01
-1.853298937542361e-01
7.047347464123491e-01
-7.277066374306523e-02
-1.741579015088354e-01
-6.741264862895489e-01
2.157553851411632e-01
-4.590522097169796e-01
-5.747158269977034e-01
-1.950757996834354e-01
5.545558892685339e-01
3.000189411719533e-01
8.947285073060461e-02
1.175736214209161e-01
2.647902944895682e-01
1.125110430165750e-01
-2.839620272539758e-01
3.676544625677606e-01
-1.252511868505466e-01
1.905988167681280e-01
2.432578805108344e-01
-4.114482604700612e-01
4.532715300756046e-01
2.501981118819188e-01
-3.931846818740783e-01
-2.040282472290204e-01
7.826854925237634e-01
3.745080655074658e-02
-1.437944929150133e-02
-8.636148373291717e-01
5.811034157423663e-01
6.181810247307795e-01
2.219869336844076e-01
2.737611986844765e-01
2.136274308900875e-01
5.231332149526435e-01
7.188039884000410e-01
4.752677795273714e-01
6.143219548642005e-01
-2.061533527894064e-01
6.677535611822595e-01
2.670552321946909e-01
-3.327480773649463e-01
3.927853491910448e-02
-6.063969266614922e-02
-7.020068502704896e-01
2.122910671014006e-01
-1.510577080043828e-01
4.542491148074370e-01
4.872771864611125e-03
2.600503456553769e-01
2.923060679528418e-01
-7.192106764382060e-01
-5.455189684265317e-01
8.706341505836893e-02
2.158251345026944e-01
2.131258091758413e-01
4.283707265362481e-01
-1.105544125750639e-01
-5.601395177256506e-01
2.871603183562238e-02
-3.375060427054487e-02
-1.011299195855331e+00
5.405303164298463e-01
1.690144778468625e-01
-5.699121938387319e-02
-2.208718804644157e-01
4.703185005138059e-02
-7.413720154111146e-01
3.635007249475815e-01
5.986041808415464e-01
-8.654076591570736e-02
-1.083678301735875e-01
3.283882239508053e-01
-1.724978503851062e-02
-4.715624808512124e-01
-1.799492107125676e-01
1.791220890102501e-02
2.075736214380968e-01
2.856278392999975e-01
1.240292257743834e-01
8.769344244252186e-01
-4.868891666905151e-01
-4.118895063508630e-01
5.612880792793824e-01
2.572396712316601e-01
-9.957502704486113e-01
1.076138866938612e-01
-4.715190617267631e-01
-1.708822599812813e-01
3.746794843774477e-01
-3.130377301383002e-01
-1.840381116424108e-01
-2.571229049343658e-01
3.903715927726340e-01
5.605756960746164e-01
2.778679793821280e-02
-4.354066585464668e-01
1.099727935241782e-03
-2.208878241086859e-01
5.396716280220466e-01
2.810582236157825e-02
2.229949555221596e-02
1.258442297270014e-01
-6.989297064956729e-01
-5.151283157135204e-02
-2.568731958310890e-01
6.853072831844124e-01
-8.527784435762077e-01
-1.335520802587777e-01
-6.420081390392252e-02
4.580203005143605e-01
-5.097248262252774e-01
-6.850607240618728e-02
-2.414305541189225e-01
1.625697006186263e-01
3.170027259287948e-02
2.912192811974335e-01
1.197264130583609e-01
-4.729653378547758e-01
-6.422880214009000e-02
1.504205210614367e-01
5.063310891441495e-01
3.220591462917980e-02
1.627584907520014e-01
-3.831048729544074e-01
9.808813729736873e-02
4.900698160570046e-01
2.200118336301595e-01
2.295478454308782e-01
6.252472808316402e-01
-2.026975480267808e-01
3.972841793191336e-01
-1.791736996293013e-02
-5.218382417450219e-01
-1.682479440510108e-01
-6.830303007200897e-02
2.213152912113714e-01
-2.024623626059192e-01
-2.013522926281248e-01
-5.273387387540118e-02
-3.335887996184780e-01
1.020368701544445e-01
-2.568730865934633e-01
5.799767989765396e-01
-1.525307815528043e-01
7.901332216606757e-01
-3.377733376150284e-01
-5.786970378947499e-01
-7.014468199903627e-01
-4.484035264719106e-02
-1.412061144611224e-01
-4.640511234300173e-02
-4.577545650014313e-02
3.490368740481642e-02
-1.780789519805484e-01
-1.359993457599729e-01
2.128511023479777e-01
6.168756867968258e-01
-1.655912123116402e-01
4.359328614382155e-01
-2.608859289124617e-01
-5.032675414008373e-01
-1.807776973958605e-01
3.714721124850680e-01
6.885306381580876e-02
4.932809820470201e-02
-8.826263087752095e-02
-7.286657871413058e-01
-4.878803235687909e-01
-3.784259313723450e-01
1.273133425381888e-01
1.080274169505712e+00
-1.796596836344022e-01
3.175254684519372e-02
-4.218883909919808e-01
6.332054157674169e-02
-2.901741576865571e-01
7.935747889184948e-03
-1.441957497907782e-01
-1.828943265544660e-01
-5.342049011803033e-01
-3.269969054990250e-01
-5.810036631904280e-01
-2.810753795638547e-03
-3.150313983481038e-01
5.890174202936216e-01
4.093383391198507e-01
1.712939319168047e-01
7.184496004928651e-01
3.022247816151850e-01
-4.031036218048023e-01
4.767790688625033e-01
-3.413925727299071e-01
2.868559921287070e-01
-8.891919807567647e-02
-9.004348102455113e-03
-5.523143217849237e-01
7.496240414711741e-03
3.752807304303156e-01
-2.342027066336110e-02
-5.534031767116069e-01
1.049032668668306e-01
-5.391219305536842e-01
-1.138064073444497e-01
-1.598049164453086e-01
1.564879345083123e-01
-9.354469986279083e-01
1.871716399290787e-01
4.529273695434575e-02
1.071537319607370e-01
-3.136722602441520e-01
-6.462054294611062e-01
4.134241680407875e-01
-4.080969557096523e-01
-5.291826201953351e-02
-6.018420786599837e-01
-9.444658465388778e-02
1.085446222488269e-02
-3.784208733817384e-01
4.533900556150883e-03
2.963641649358211e-01
-7.898765183161796e-02
-1.535826086083652e-01
-6.998433708676320e-02
-4.952991443180917e-03
-1.493833346389947e-03
6.796649212968162e-01
2.877609868813619e-01
-3.310489051120013e-02
2.005629354730476e-01
4.476147001977997e-01
6.005598718439086e-02
4.481575882942662e-01
-4.266501497902459e-03
-1.946464675182773e-01
2.650448549480557e-02
-4.338532817280297e-01
6.155385335925662e-01
7.522450409810458e-01
-1.632436745422384e-01
4.030271516235510e-01
1.171731982846219e-01
2.454283542495997e-01
2.080978766197352e-01
1.822443296956884e-01
-1.826947939417032e-01
2.357660990030232e-01
-3.617632592556785e-01
3.727977862053229e-02
-1.765392018731126e-01
1.691007852694643e-01
4.030270127597598e-02
-3.992137722156763e-02
5.608920543339433e-01
-6.138029054996440e-01
3.925562380752932e-01
3.025928202086057e-02
5.288144697653667e-01
4.487949635139050e-01
-1.164451969690540e-01
4.636782768020554e-01
2.664241963661175e-01
7.880373471954975e-01
-7.442384210546148e-01
6.197688920829113e-01
-1.515737898093593e-01
-6.033081937970304e-01
7.843273209824711e-02
-8.659141254874732e-01
2.396501041752798e-01
9.375961438978466e-01
-3.869048416793346e-01
1.024489629292632e+00
-9.202689668576466e-02
7.464193839679186e-01
-5.628378976236942e-01
-4.058277030969221e-01
3.135328238698680e-01
4.526984586723070e-01
-6.997511101548373e-02
-4.959693157965619e-02
-2.143661395881560e-01
-2.007277594032620e-01
5.498875628928350e-01
1.162744962681423e-01
-1.648973602162123e-01
2.151526876322082e-01
-2.879684503443738e-01
2.475641050762758e-01
-5.365145870786735e-01
7.221389826659633e-01
3.005891199640567e-01
1.940042530907091e-02
1.883281933879871e-02
-8.675630135896863e-02
1.075864822681427e-01
-4.912774488984384e-02
1.855944729238838e-01
7.421520703046611e-01
3.522758825820470e-01
3.123617556168148e-01
2.870062360815336e-01
-2.752373288903425e-01
-1.191745524862271e-01
2.942716390692507e-01
-1.390119528746853e+00
-1.481460084622272e-01
3.747592523277009e-01
-1.742766013166506e-01
1.790949313338550e-01
3.043686097307655e-01
6.333928222243909e-01
3.081927219644849e-01
2.044653480147583e-01
-2.551470710122777e-01
-5.994732369732293e-01
7.146040428645047e-01
-3.204978737671342e-01
-3.978567823168509e-02
-2.315635282535027e-01
5.085311799806040e-01
