-1.385471748126538e+00
-1.631946468949328e-01
2.142848554752546e-01
5.552124115433529e-01
1.304936915812611e+00
3.962155367419146e-01
6.988135693889400e-01
-1.012365011310095e+00
9.621231246704962e-01
3.888671122702355e-01
1.007019573662723e+00
-1.865400589386361e+00
-1.742569877019174e-02
6.072806838871730e-02
-5.041410761825664e-01
3.755096893643408e+00
-9.380391655619819e-01
-3.396604832428945e-01
-1.492617287763882e+00
-8.588483042013274e-01
-9.883064096245446e-01
7.928722583470535e-01
-9.081350929523064e-01
6.728924226265447e-01
-3.337518886599302e-01
8.537529917196278e-01
4.334650165565232e-01
-1.637637588731427e-02
-2.515226878175293e-01
-4.734146868581229e-02
4.818326002421854e-01
-5.320585680753958e-01
-8.861513200677543e-01
-1.198967359166370e+00
6.193207551661268e-02
9.976282656219484e-01
-1.176248361822141e+00
1.096693347403813e+00
1.475697405078701e+00
5.269530367881327e-01
-4.919649169804541e-01
1.035039094701463e+00
8.208776226435389e-01
1.109500147894030e+00
-1.861305470608316e-01
-1.477064277411155e+00
1.051342644951511e+00
2.081442428186435e+00
3.911831625426264e-01
-1.152124828719542e-02
1.614627807747552e-01
-7.064925052446399e-01
4.492479686946879e-01
-1.668709087374153e-01
-4.381249064013094e-01
2.995117872469343e-01
9.296011856644065e-01
-5.722761604578507e-01
-5.125645779310546e-01
-7.892441037418432e-02
2.199467072984920e+00
1.264652928458997e+00
-2.245639906327214e+00
1.858115685384557e+00
6.113079388041168e-01
3.836512475062999e-02
3.746149321730808e-01
-8.480468498280120e-01
6.411687714384202e-01
1.044725331076627e+00
-5.982728435791271e-01
7.704419040871227e-02
1.002300924188509e+00
-5.751443739194130e-01
-1.090935349696087e+00
-1.235210340249234e+00
9.659529047738069e-02
-5.134714236815898e-01
-1.168294278849800e-01
-1.201035762157454e+00
-1.049916069543389e+00
-3.663722794809258e-01
-1.128870365917383e+00
1.430289574168641e+00
-2.486263430852360e-01
-1.179044779480670e+00
-4.417238214586522e-01
6.993386764523157e-01
-1.460428964001820e+00
1.922281321946631e+00
1.262272296551117e+00
-7.303689581099863e-02
-7.158343215084683e-01
1.381869329391372e+00
-7.522295298313642e-01
-9.633926283348461e-01
2.256203747710044e-02
-2.919159789616456e+00
5.273053921215917e-01
1.061799427528471e+00
1.511998834103770e+00
-2.102282088441154e+00
2.395514249709297e+00
1.567752907319519e-02
-6.576531554267101e-01
-5.364157694877542e-01
1.405115049727814e+00
5.768543365886255e-01
2.052082035850535e+00
4.888999695299642e-01
7.467879238849899e-01
5.352526362369884e-01
4.422843228840269e-01
-1.010458590218341e-01
1.183177236437710e+00
-1.168920186281098e+00
-1.093024210563980e-01
-6.901736197539249e-01
1.213642554628659e+00
-6.774774003595229e-01
1.040287849760084e+00
-6.488732498455996e-01
-5.039904603417762e-02
3.469784343864425e-02
-1.883710739670580e+00
1.962125513238397e+00
-1.090746989217367e+00
-1.388332061264925e+00
7.883829139487319e-01
1.809151597111566e+00
9.899674328569648e-01
4.870542616197516e-01
-4.725784110623043e-01
4.076173331455427e-01
6.554123517322803e-02
1.972098497914298e-01
7.641372172369795e-01
-3.029892728622433e-01
-7.309573024702355e-01
2.333140106341957e-01
1.043848905484595e+00
1.490906245068022e+00
-1.274358368299490e+00
4.605076812987737e-01
3.648547431336305e-01
3.642324872302598e-01
-1.108349871784422e+00
-1.168095621122356e+00
2.875064456726387e-01
-2.986651280328237e-01
-1.624731451842727e+00
-1.874832807909989e+00
1.068108753461178e+00
1.012341131535945e+00
-2.770321361587832e+00
-6.304983472086158e-01
-2.956302623851887e-01
1.170627416354385e+00
1.158171328566471e+00
4.741679591454044e-01
7.725416220621393e-01
-6.301215135193442e-01
-1.079614807163638e-01
1.092359700665423e+00
4.515189946785640e-01
2.412133239109403e-01
-7.435480455462646e-01
-6.136091167139504e-01
1.048335538864977e+00
1.175541937347128e+00
-1.939347143556370e+00
-1.824025387964046e-01
1.332382036104979e-02
1.357741035443058e+00
6.508407164009298e-01
4.186263352701064e-02
-5.176508436432182e-01
6.938930338688706e-01
6.697374685624485e-01
6.853040505326302e-01
-4.811860307278547e-01
-3.103298030037360e-01
1.638838119328661e+00
-4.802838269308289e-01
9.917399554386102e-01
-5.414317429045962e-01
-1.617350678501276e+00
2.256163266118083e+00
8.268386464279015e-01
-8.662793837451364e-01
-1.603890636505224e+00
-1.552007029626083e-01
-1.600216943785636e-01
-1.619796743037065e+00
6.695427243714213e-01
-8.054312667112226e-02
-1.294996330926119e+00
2.478564254430463e-01
-4.858295967843614e-01
6.690683543489255e-01
-1.670678073310082e+00
7.281719608269515e-01
-1.939016577803817e+00
1.010888431745506e-01
9.281575426603764e-01
-1.309257972020622e-01
-9.574395239083512e-01
4.826698091037387e-01
1.116753471545685e+00
5.492267822873014e-01
5.287411192663366e-01
-2.445580365199037e-01
-4.492148486979479e-01
3.919858041243385e-01
-4.993927084687741e-01
-7.946896844557366e-01
-1.801236994570617e-01
1.013217266359311e-01
8.490035844027818e-01
9.546527538012184e-01
-8.614390195306355e-01
-1.065366317712685e+00
-1.232651181652003e-01
-4.219314495422488e-01
8.723561932982014e-01
-8.980746042836610e-01
-8.758019859588464e-01
1.090996701815278e+00
6.320726823394758e-01
8.545301209907208e-01
-4.318543014636094e-02
2.068173525345840e+00
-3.466271876499090e-02
6.219394090568745e-01
2.110236961431517e-01
-2.756235465183848e+00
8.031054904250758e-02
-3.120399828575428e-01
-3.502469284500808e-01
-1.703684679540718e+00
7.428724654246759e-01
-5.206375730703747e-01
-6.811500724100532e-01
5.439390173819643e-01
7.890650826914035e-01
1.354267790260177e+00
7.515872765473134e-01
-6.529412285554641e-01
3.359221255556304e-01
3.485143151204381e-01
