-1.0630248536
-0.8202519127
0.6832299182
0.4178991667
0.4224582912
-0.4861431168
-0.2055813001
-1.2984376449
2.1997730053
1.2533835907
0.9197091722
-0.2526856856
-1.2903507565
1.8595457688
-0.0470474809
-1.3487324058
0.7714456484
-0.2214040705
1.6466233684
-0.4668788494
-0.8167067306
-1.5970111885
0.0264864018
-0.3743356546
0.9180213193
0.8365747882
2.0429311537
-0.0077518453
-1.2430126864
0.0559987856
-1.7564813869
-1.0429267901
0.4194051915
0.0969728308
0.4939812430
-0.2890869315
-0.4023887063
0.8231097953
-0.5669615495
0.2267831989
-1.8864913639
-1.1024237385
0.6612497700
0.3468353603
-1.6246947807
0.3383578925
-0.7163855076
1.1897051031
2.2876752579
-0.8794717747
-0.2891441664
1.3278368601
0.5397198891
-0.7684691076
-1.2236158412
-0.1405197006
0.3410410041
-0.6280627126
-0.6220129284
0.1195348584
0.5785152655
0.7870569358
-0.5068586900
-0.0343480719
-0.2744198459
-0.4560027429
-0.0835906025
-0.5990285949
-0.2427848126
-0.2575759816
-0.1961532870
-0.6512435719
2.9768655371
1.2086480658
0.1216818963
-0.0674464379
2.6842463354
-1.6641516283
0.5348904370
-0.4377448812
0.4403709107
0.5432877377
-1.0512056778
-0.4423605889
-0.5891298072
0.2097043033
0.1051355459
-0.0154661171
-0.4389250508
-1.9945429708
-1.7434267341
-1.0394521550
1.1229007036
-1.1802433920
0.8909898435
-0.4693122251
-0.4112182848
-1.2136284529
1.2897924380
0.1656036072
-2.6734762173
-0.0788508996
0.1258073795
-1.3384972055
0.5101889436
-0.4504388288
-0.6261743342
-1.8030666111
0.0005454140
-0.3165636420
-1.4514913122
-0.4513681024
0.4044153965
-0.1738326453
0.2335628461
-0.7299175449
1.8352493947
1.2381116396
-0.4523607960
1.8231810728
1.6002516146
-1.2196844041
-0.1293757119
-1.2501233815
-0.5483102223
0.1812180340
0.7268859739
1.2765958819
-0.9372650226
-0.3093192481
0.3780337100
0.6681926550
0.1218539362
-1.2251498160
-1.0883281483
-0.4403693864
1.4193331666
-0.8983767035
-0.4428051940
0.3692711472
0.0772306161
-0.7809168100
-0.2951467485
0.0457053957
-0.1800922951
0.9252928028
-0.8326222128
0.8348620561
1.3945648278
-0.0202226888
-1.0670006112
-1.0762876260
1.2905250426
-0.2811873072
-0.1805560817
0.5399621440
0.7428786059
-2.4521411255
0.9531591936
-0.6596313112
-0.1402083722
-1.8580356340
1.6532114279
1.0441100391
0.0577022400
0.6425671332
0.5586684088
-1.1503474385
-1.1019752406
0.2893130094
-0.2790454088
-1.0552231719
-1.8485251844
-0.3908480072
0.0117398560
-1.5648558089
1.1417360982
0.1811903900
-0.3844953241
0.8993626852
-0.1564872921
-0.0926103814
-0.3710803968
1.1416309294
-0.0041832850
0.4271740653
2.6214184101
-0.3103168028
0.7624944351
0.3376035257
-1.0780328809
1.9199560943
-0.3787191729
0.5256211888
-0.7568600253
-1.4622003846
0.0075280331
1.0066486272
-1.1205793088
-0.5925950932
-1.4967908461
-0.3967755887
-1.6621322826
-1.7287350286
0.4687477794
-0.5177123279
0.7368926785
-0.2707585689
1.3993055015
0.7805081559
-0.8796019448
-0.8683579390
-0.5139225936
0.0955321411
0.4894335007
0.5001670048
-1.2814025821
-0.4323551245
0.8115963646
0.5263690660
-2.0353439430
0.8660944420
-0.4400348676
-2.0549612806
-0.1577544589
-0.7503606486
0.2688081104
0.2429458983
0.5807365002
0.7424857290
-0.6808561355
-0.6834698271
-0.5791310879
-0.3033665924
1.0526487577
2.3319124978
-1.2191109671
0.5197597043
0.6670444485
-0.2853047940
-1.2815949727
0.1957909232
0.2140601533
0.1401436407
0.0481807626
0.7094465043
-0.9374391531
0.6084259058
-0.7492940415
-0.2468959958
-0.9945126429
0.5614000374
-1.5410453154
0.7529549218
0.7759353416
-0.4736954911
0.9407174322
-1.0703656272
-0.0755726179
1.4991559736
0.8429120594
-0.3193167890
1.9004172594
-1.0759990050
-0.5424948131
0.2542236437
-0.6398319667
-0.2656491152
-0.3681891812
1.3918189992
-1.4959679975
1.6935885885
-0.1576612402
-0.5244254546
0.2585844527
0.7344005341
-1.6241330596
-0.1110224917
1.1540018472
0.1282765024
0.8367392416
0.0914118261
-0.3915955404
-0.8542521548
-0.6479046295
-2.4847396561
0.9763534248
-1.0708704627
-1.0467780144
0.1791122177
-1.0194112599
-0.2641616621
-0.0643164856
-2.1897617987
-0.3401643434
-1.2103228031
-2.2920702245
-0.7266506717
1.6401505611
2.2391333209
-0.1250689804
0.5993173481
-0.8524449433
1.4082781704
0.5855640346
-0.8573982661
-1.5779691662
-0.5937251677
0.2208946957
0.8481018714
-1.8323688904
-1.5646990734
0.5776633048
0.3988320934
1.1569159864
-1.7424473279
-1.3496421389
-0.2994688015
-1.1650589594
-0.4376173353
0.9744045807
-0.0316458243
0.4158078422
0.0658373070
-0.3211312780
-0.1611270367
-0.1014645122
-0.3406697518
0.4912985213
0.7140901366
-0.0802248219
1.2204441424
-1.0758236903
0.7260060789
0.1848399741
-0.6405113952
-0.3347158604
-0.8568082303
-1.4067541775
-0.2638126381
0.2183663225
-0.6745233261
0.1932704788
0.8636389539
-0.1422626610
-0.6192749765
0.2985121831
0.8455096282
-0.5344303826
1.3860186109
0.4983786300
0.3855528713
1.1992440480
-0.7787271655
2.2824104583
1.5022603869
-0.8321126254
-0.7688221109
-0.2190985939
-0.0573795670
-0.1807378508
-0.5309347619
0.0438994082
1.1287634308
-0.3942847975
1.6616326859
0.0617451811
-0.9180693942
1.6909580624
0.1281587040
-0.0558893426
0.0243494802
0.4942523134
1.4375341335
-1.8112416971
-0.3954297580
0.6023020677
0.0972267166
-1.0925242798
1.4910205852
-2.8486221465
-0.1442669121
1.9962981748
1.3724375186
-1.3523819070
-1.7320642398
-1.5156512274
1.1571315887
3.5478001912
-1.5809924341
-1.4915039609
0.1780907161
-0.8272513576
-0.1877810187
-0.4637922253
-0.8281237556
2.0217480516
-0.6275241920
0.7657831564
-1.5137556123
-0.3340999559
-0.8679650735
-0.5863620338
-1.0896119543
-0.1914984297
-0.5735138040
-1.2017708585
-0.4507745305
0.6412204778
-1.1223319471
1.1426823876
-0.4262078929
-0.5732615452
-0.8964893691
-0.3012527934
-0.0201657664
0.1748294403
-0.6303983237
0.0740358106
-0.2576741441
0.0558580511
-0.6734117522
-0.6368350232
1.7376980949
-0.1739453099
-0.2085680152
-1.9371187953
0.0750502128
-0.0071431661
-1.1426279771
-0.7427462055
0.1622207127
-1.5284761339
0.1079221144
-0.2567021155
1.1614443352
-1.3633146872
2.1715383483
0.3956894549
-1.4893462094
1.2325160234
0.4044109315
0.2335197412
-0.0020711589
-0.3912657719
-0.8471117694
-0.9085554679
1.9401769818
1.2359373624
0.0262032841
0.3699907094
-1.0372062744
-1.0956540366
-0.9187121625
1.9591656266
-0.8127694057
0.1902344305
0.7608048064
2.8231281270
-1.2158816946
1.1537115143
-1.3174388921
0.7036071821
-1.1545151412
-0.6344481273
-0.5357318951
0.7747860298
-0.5933652468
0.7743199130
0.4562854681
1.8398601363
0.4736584970
-0.6049560286
-0.9023880908
0.4853084605
1.3783303201
1.2361100391
-1.1204371584
-0.8101108588
-0.0279118659
0.5866236996
0.3073659877
1.9952887223
0.9903985491
0.8250860197
-0.1091431269
0.1212740568
-1.3691270365
0.1065893881
0.0098888410
1.7732089137
1.0468510416
-0.3242986246
0.0186115515
-0.5034855379
0.6611393118
1.5789138289
0.4850024739
-0.2063445834
-0.3542214035
