0.0982061457
-0.0641082289
0.9517907560
1.5328311414
0.6868469441
1.0115437512
-0.2174042323
0.1254048061
1.4857320736
0.5267114603
-0.2420298758
0.0325505548
1.0371512903
1.1262270103
-0.8421311416
0.3625912750
-0.0078428426
-0.0655358481
1.3303079504
-0.2375381399
-0.5755771033
-0.8149913044
-0.1745469312
-0.7352462688
-0.8647817625
-0.8899701257
-0.8305427041
-0.7608323890
0.3990527217
-1.9599825226
-0.7017532480
-0.1001299074
1.1486246202
-0.2459270391
-0.1533233679
-0.0879467040
-1.8236876538
0.6590931009
0.6174215702
0.8144961593
2.5058480530
-1.2985216030
-1.4880266646
0.7058673146
-0.3374891012
-0.9856282535
-0.2825624678
-0.6183436251
1.7247770678
2.2618123040
-1.6355612913
-1.4765488133
-0.7593680046
-0.6895280417
-0.7752604467
-0.1942341795
-0.4468348007
-1.3536125929
-1.0268082409
1.5463388322
-0.3574482467
-0.4086308916
-1.5204371458
-0.4632167273
0.9609024296
0.5955514785
0.8110992980
-1.2035970761
-1.2196176834
1.1334357222
0.8262741399
-0.2584627618
0.8530402684
-1.2029963723
-1.2444681078
-1.6174611525
0.3614704330
0.2167178744
-0.5224165202
-0.7803926096
2.4145486039
-0.2591309936
1.3880670145
-0.1463484344
-0.5007127078
1.4166595098
0.7899641204
-0.0241090230
1.1337141118
2.5203065162
-0.7323533665
0.4717366467
-0.4092101637
-0.9345410208
-0.9622667861
1.5923331460
-1.8247606073
0.5078593585
-0.8252430776
1.7724949516
