-1.0495360575
0.4140904317
-0.3676501127
0.0757164978
-1.1205724587
1.0525156596
0.1372796841
0.7790971037
0.2341995957
-0.3202178974
0.2121122170
-0.4845323592
-0.3592428760
1.2306006433
1.5388345244
0.4405174233
-0.5821331773
-1.4520254877
0.7509969917
-0.4762422746
0.0937869539
-0.2640425424
0.5466767540
-0.3885999254
0.3850520177
0.0261626263
-0.9349742972
-1.7417517036
-0.8469050609
-0.9167600112
-1.2972785080
1.5724278485
0.3004682903
0.3767152059
0.3539777590
-0.1974041155
-0.0335263829
0.8939159121
-2.6724150060
0.0280633200
0.7109229552
1.0266994173
0.0990929488
1.6046155422
-1.0208032204
0.0439655613
-1.1358608742
0.8382341018
0.1748396584
0.3976030319
0.1428766471
-1.8314277978
0.9111969588
-1.3673250633
0.5787262199
-1.7612105245
-0.2776521851
0.3656444733
0.2026766909
1.7465322225
-1.1702063338
-1.0756735926
1.6180854310
0.8279782286
3.0405306760
-0.6266583880
-1.1525765098
-0.6426623285
1.5419305226
-1.1370361578
-1.7543935754
-1.1165795951
0.7635663732
0.7497832583
0.2157965210
1.3559379115
0.0295466907
-2.1995445658
2.0283915692
-0.1060492055
0.8978305214
0.5084452271
0.0178064724
-0.5499095783
2.5715996277
-1.6754658196
-0.4175796742
-1.0526752792
0.0923113867
-0.9579335491
-1.0175920109
-0.4164642148
-1.1571293734
-2.0614891814
-0.4891285562
1.4169373598
-0.3570718499
-1.0424905473
0.3665992399
0.6793564434
-0.4080854391
-0.4925504081
0.7736366260
1.3516272889
-0.3622663695
2.2016797045
0.7597261240
-1.0088212564
-0.4198246600
1.6582857603
-1.6241509852
-1.9552257608
0.8721199733
1.5149829143
0.5887560013
0.1122476325
0.6145633544
1.0508835409
-1.4899100384
0.6356459323
-0.9067709696
0.2346885127
-0.5949787006
-1.1977613250
-1.0185369564
-0.4116031870
-0.5206359224
-0.3753353169
0.2893262222
-0.3029665378
-0.3120273171
-0.3944185541
0.9827256035
0.3607643985
-0.1315493489
-0.8235264399
-0.6397824037
-1.8332020521
0.1937109515
-0.8594162394
-0.3444072893
0.0623670232
-0.3986111312
2.2273155406
-0.4718036643
-0.2898293235
-0.0835524471
-0.4396065885
-0.1754977400
-0.2945773964
-0.2501273640
0.8594524533
1.0980291954
0.5466754498
0.4720749350
0.2733776889
0.6265668310
2.1952335788
-0.2499766362
-0.2863482882
-2.5104377083
-1.0871217577
-0.8571565756
-0.2057662129
0.0651506553
1.0230828936
0.9349619534
0.3418117245
0.4111481972
-0.6974495958
0.6395644877
0.3655456783
0.4060640954
-0.5390664422
0.2170776437
1.7137195846
-0.7708784279
-0.4090929968
2.5621413446
-0.6573287780
-0.5871102160
-1.5165213570
-0.2227436086
1.0152512117
2.9791846335
0.9060750496
-1.5587425103
-0.9527567946
-1.6638450648
-1.1284878692
-1.7250123580
-1.2324281937
-2.5232698000
0.0186975428
-0.9226184700
-2.4725741320
-0.6944354797
0.3799158339
0.9535385088
-2.4625371960
-0.9390527694
-1.1111234879
0.2632081876
-1.9057194571
-1.6142916146
0.3467136610
1.9298593201
0.6999416496
-0.1749044083
0.7922353748
-0.7028576028
-0.8784368869
1.8994527385
0.9325844413
-0.0315742710
-1.0128813890
-0.4449152962
0.7908784092
-2.6343355312
-0.7199096789
-1.5180760618
0.6754612750
-0.0585169797
-0.0089792850
-0.0499504664
-0.8312904308
0.9182698681
0.1189326314
-2.8019223021
0.6915798703
-0.5039650817
0.8793440336
-1.5859360606
-1.5616347031
-0.8836321259
1.1429005970
-2.0376299051
-1.2084747011
0.1337126388
-0.1422980822
-1.2893569447
0.5854441736
-0.5583518507
-0.7214209437
0.7437600500
0.6361311542
-0.7634548528
0.2762197491
-0.5191672666
-0.8482274435
0.3125262892
-1.4593219097
0.7913019779
1.0168471688
0.5827079449
-0.0526688736
0.8155729141
2.2838472129
0.6546039622
1.4703853889
0.9037863755
1.2584024907
0.6967375284
-1.1454071576
0.0714545092
0.6169423521
0.0626471647
-0.5041020825
-0.0034430743
-0.1514377356
0.7039417713
0.2384093975
-0.1126672849
0.8798699771
0.1192633169
-0.4082919069
1.0727701693
-1.8145242289
-0.6013067741
0.2494529378
-0.2267046526
0.6896799838
-0.2874348495
-2.8409832468
0.3121921041
0.0144351106
0.3532517192
-1.0290354842
-2.2431137630
-0.0046055119
-1.2750996177
1.0985668731
-0.1134014395
-1.9738036465
-1.0804376763
1.0471744332
0.0603259957
0.2782376498
-0.4774945606
-0.8064162068
0.3153938091
0.5192150988
-0.0023814379
-0.4961316736
1.4514377871
-0.1764211584
-0.1572277732
-0.8016836757
-0.7461520768
-1.2846186864
-0.0304122262
0.9654419529
-1.6446002215
-1.6339322395
-0.2436819942
-0.3420477509
-0.0488192461
0.9801100277
0.0758009859
0.7538830881
0.6603397521
-0.4819754746
0.9358600738
0.3501080597
0.3396410243
0.9421363760
-0.8784901870
0.2664170073
-0.3122259548
-0.7577964584
-0.4181642157
-0.3635838935
-0.7952972810
-0.9335197383
0.8589922483
-0.0555173567
0.9550130105
-1.6268548002
0.3557768697
1.7004798465
-0.4540193944
2.0020634508
-1.7980250022
0.5250746087
0.2154723685
1.0082240557
0.7177460489
0.3561078799
-0.8948406940
0.1782033751
0.4613406889
0.2855711773
1.5485525796
0.0268206712
0.5483173060
-0.8649383557
1.6130387424
-0.8764165781
0.8633779150
-1.3037897278
0.3943300399
-2.5205151750
0.2739470642
-0.9910457822
-0.3428243357
1.2501703506
-0.6314752961
0.1356359948
-0.0177926282
0.9067575091
-0.1612540790
1.4873086603
0.0072407915
0.4004809291
-0.8145060964
0.3362254982
-1.1361917718
-1.3323966461
-0.4583546291
-0.4454252191
1.6628221488
-0.8038442064
0.2868998254
0.8704028801
-0.5346997267
0.2760372476
-0.1816113664
1.4154657464
-0.5838898531
-0.1279194268
-0.6335652727
-0.7559747298
-0.0844119877
1.5323298546
1.3792603786
-0.5899970022
0.6626899303
0.4778562151
-0.7091396878
-0.1157392041
-0.2269177731
0.9440973682
2.0797772381
-0.3929125944
-0.0989219497
1.1401568199
0.2805728769
-0.4321124412
1.9491264978
0.1823596316
2.0181167459
-0.2238550218
0.7341983044
-1.5216877748
0.2941885076
0.5695522925
0.1993429373
1.2902688713
0.9723126323
-0.0887210237
-0.8648839605
-0.9061275177
1.7246029062
0.2688258998
-0.3196688267
0.7560615309
0.3520260434
-0.7245576526
0.6070537406
1.0501406165
0.7021109413
-1.1475571900
-1.4622959040
-0.3325581057
1.6689964049
0.3087183006
-0.4645683795
-1.1565986945
0.9923192369
0.1423029618
2.1398932105
-1.2494778258
-0.0839375224
1.1071157725
-1.3721004457
0.5329142168
-0.8908082825
-0.3156759756
-0.3901517004
-0.5194823140
-0.4089831972
-0.7503090290
1.4370368121
-0.3837415980
1.6550887256
-0.6210221993
-1.9174485505
1.4278041773
-0.1847640992
0.2025645044
0.8304990155
-0.9686793409
0.9337604708
0.7331675224
-0.0574659000
1.5872432347
0.3712598956
1.4976473326
0.6876758855
-0.7936628968
0.3328879405
-1.2829171496
-1.1624207046
-0.6592973768
-0.5603564514
2.2937756453
-1.5119172305
0.7207248942
-0.1999157552
-0.2090181280
0.1313506894
0.6587788669
-0.0572260982
-1.4980992028
2.0660044223
0.3061093257
-2.5823395407
-1.4061458436
-0.8355830014
-0.6330711292
1.0612401401
-0.8654464752
1.1474573861
-1.2140825758
0.2949138909
-1.7243914384
0.6178150814
0.2148771099
-0.8327152477
0.0443353998
